255={0.0,0.0,1.0,0.0,0.0,0.0}-{0.0,0.0,0.345,0.0,0.31517318288669727,0.18709885581486807}
255={0.0,0.0,1.0,0.0,0.0,0.0}-{0.0,0.0,0.31517318288669727,0.18709885581486807,0.23085005919380608,0.34184661971960134}
255={0.0,0.0,1.0,0.0,0.0,0.0}-{0.0,0.0,0.23085005919380608,0.34184661971960134,0.10661086305935687,0.43748599749577066}
255={0.0,0.0,1.0,0.0,0.0,0.0}-{0.00661086305935687,0.43748599749577066,-0.0360623198273404,0.45748007186940576}
255={0.0,0.0,1.0,0.0,0.0,0.0}-{0.0,0.0,-0.0360623198273404,0.45748007186940576,-0.1724999999999999,0.3983716857408418}
255={0.0,0.0,1.0,0.0,0.0,0.0}-{0.0724999999999999,0.3983716857408418,-0.2791108630593568,0.2703812160545377}
255={0.0,0.0,1.0,0.0,0.0,0.0}-{0.0,0.0,-0.2791108630593568,0.2703812160545377,-0.3374609222531629,0.09563937777616947}
255={0.0,0.0,1.0,0.0,0.0,0.0}-{0.0,0.0,-0.3374609222531629,0.09563937777616947,-0.33746092225316293,-0.09563937777616917}
255={0.0,0.0,1.0,0.0,0.0,0.0}-{0.0,0.0,-0.33746092225316293,-0.09563937777616917,-0.27911086305935684,-0.2703812160545376}
255={0.0,0.0,1.0,0.0,0.0,0.0}-{0.0,0.0,-0.27911086305935684,-0.2703812160545376,-0.17250000000000015,-0.3983716857408417}
255={0.0,0.0,1.0,0.0,0.0,0.0}-{0.07250000000000015,-0.3983716857408417,-0.036062319827340705,-0.45748007186940576}
255={0.0,0.0,1.0,0.0,0.0,0.0}-{0.0,0.0,-0.036062319827340705,-0.45748007186940576,0.10661086305935678,-0.4374859974957707}
255={0.0,0.0,1.0,0.0,0.0,0.0}-{0.00661086305935678,-0.4374859974957707,0.2308500591938059,-0.3418466197196015}
255={0.0,0.0,1.0,0.0,0.0,0.0}-{0.0,0.0,0.2308500591938059,-0.3418466197196015,0.31517318288669716,-0.18709885581486843}
255={0.0,0.0,1.0,0.0,0.0,0.0}-{0.0,0.0,0.31517318288669716,-0.18709885581486843,0.345,-1.126675055215565e-16}
0={0.0,0.0,1.0,0.0,0.0,0.0}-{0.0,-0.0184,0.3312,-0.0184,0.3025662555712294,0.15934391302412468}
0={0.0,0.0,1.0,0.0,0.0,0.0}-{0.0,-0.0184,0.3025662555712294,0.15934391302412468,0.22161605682605384,0.30635428873362125}
0={0.0,0.0,1.0,0.0,0.0,0.0}-{0.0,-0.0184,0.22161605682605384,0.30635428873362125,0.1023464285369826,0.3972116976209821}
0={0.0,0.0,1.0,0.0,0.0,0.0}-{0.0,-0.0184,0.1023464285369826,0.3972116976209821,-0.034619827034246785,0.4162060682759354}
0={0.0,0.0,1.0,0.0,0.0,0.0}-{0.0,-0.0184,-0.034619827034246785,0.4162060682759354,-0.16559999999999991,0.36005310145379976}
0={0.0,0.0,1.0,0.0,0.0,0.0}-{0.0,-0.0184,-0.16559999999999991,0.36005310145379976,-0.26794642853698253,0.23846215525181083}
0={0.0,0.0,1.0,0.0,0.0,0.0}-{0.0,-0.0184,-0.26794642853698253,0.23846215525181083,-0.3239624853630364,0.072457408887361}
0={0.0,0.0,1.0,0.0,0.0,0.0}-{0.0,-0.0184,-0.3239624853630364,0.072457408887361,-0.32396248536303646,-0.10925740888736071}
0={0.0,0.0,1.0,0.0,0.0,0.0}-{0.0,-0.0184,-0.32396248536303646,-0.10925740888736071,-0.2679464285369826,-0.27526215525181075}
0={0.0,0.0,1.0,0.0,0.0,0.0}-{0.0,-0.0184,-0.2679464285369826,-0.27526215525181075,-0.16560000000000014,-0.3968531014537996}
0={0.0,0.0,1.0,0.0,0.0,0.0}-{0.0,-0.0184,-0.16560000000000014,-0.3968531014537996,-0.03461982703424708,-0.4530060682759355}
0={0.0,0.0,1.0,0.0,0.0,0.0}-{0.0,-0.0184,-0.03461982703424708,-0.4530060682759355,0.10234642853698252,-0.43401169762098213}
0={0.0,0.0,1.0,0.0,0.0,0.0}-{0.0,-0.0184,0.10234642853698252,-0.43401169762098213,0.2216160568260537,-0.3431542887336214}
0={0.0,0.0,1.0,0.0,0.0,0.0}-{0.0,-0.0184,0.2216160568260537,-0.3431542887336214,0.3025662555712293,-0.196143913024125}
0={0.0,0.0,1.0,0.0,0.0,0.0}-{0.0,-0.0184,0.3025662555712293,-0.196143913024125,0.3312,-0.018400000000000107}
85={0.0,0.0,1.0,0.0,0.0,0.0}-{0.22,0.0,0.275,0.0,0.27024500017034303,0.06304417967674902}
85={0.0,0.0,1.0,0.0,0.0,0.0}-{0.22,0.0,0.27024500017034303,0.06304417967674902,0.2568021833497372,0.11518744794899609}
85={0.0,0.0,1.0,0.0,0.0,0.0}-{0.22,0.0,0.2568021833497372,0.11518744794899609,0.2369959346906221,0.1474137600257488}
85={0.0,0.0,1.0,0.0,0.0,0.0}-{0.22,0.0,0.2369959346906221,0.1474137600257488,0.21425093452027907,0.15415089378208238}
85={0.0,0.0,1.0,0.0,0.0,0.0}-{0.22,0.0,0.21425093452027907,0.15415089378208238,0.1925,0.134233937586588}
85={0.0,0.0,1.0,0.0,0.0,0.0}-{0.22925,0.134233937586588,0.1755040653093779,0.09110671410533336}
85={0.0,0.0,1.0,0.0,0.0,0.0}-{0.22755040653093779,0.09110671410533336,0.1662018819596407,0.03222631207675276}
85={0.0,0.0,1.0,0.0,0.0,0.0}-{0.22662018819596407,0.03222631207675276,0.1662018819596407,-0.03222631207675265}
85={0.0,0.0,1.0,0.0,0.0,0.0}-{0.22662018819596407,-0.03222631207675265,0.1755040653093779,-0.09110671410533332}
85={0.0,0.0,1.0,0.0,0.0,0.0}-{0.22755040653093779,-0.09110671410533332,0.19249999999999998,-0.13423393758658797}
85={0.0,0.0,1.0,0.0,0.0,0.0}-{0.229249999999999998,-0.13423393758658797,0.21425093452027902,-0.15415089378208235}
85={0.0,0.0,1.0,0.0,0.0,0.0}-{0.22,0.0,0.21425093452027902,-0.15415089378208235,0.2369959346906221,-0.14741376002574882}
85={0.0,0.0,1.0,0.0,0.0,0.0}-{0.22,0.0,0.2369959346906221,-0.14741376002574882,0.2568021833497372,-0.11518744794899616}
85={0.0,0.0,1.0,0.0,0.0,0.0}-{0.22,0.0,0.2568021833497372,-0.11518744794899616,0.27024500017034303,-0.06304417967674915}
85={0.0,0.0,1.0,0.0,0.0,0.0}-{0.22,0.0,0.27024500017034303,-0.06304417967674915,0.275,-3.796405077356795e-17}
85={0.0,0.0,1.0,0.0,0.0,0.0}-{-0.2244691636338859193,0.08338101183053903}
85={0.0,0.0,1.0,0.0,0.0,0.0}-{-0.224691636338859193,0.08338101183053903,-0.16646955149129133,0.1523446892228658}
85={0.0,0.0,1.0,0.0,0.0,0.0}-{-0.226646955149129133,0.1523446892228658,-0.1952786404500042,0.19496658584050647}
85={0.0,0.0,1.0,0.0,0.0,0.0}-{-0.22952786404500042,0.19496658584050647,-0.22836227706141227,0.20387698855049605}
85={0.0,0.0,1.0,0.0,0.0,0.0}-{-0.22,0.0,-0.22836227706141227,0.20387698855049605,-0.26,0.17753520777580992}
85={0.0,0.0,1.0,0.0,0.0,0.0}-{-0.22,0.0,-0.26,0.17753520777580992,-0.2847213595499958,0.12049597671995702}
85={0.0,0.0,1.0,0.0,0.0,0.0}-{-0.22,0.0,-0.2847213595499958,0.12049597671995702,-0.29825180805870444,0.042621896617640743}
85={0.0,0.0,1.0,0.0,0.0,0.0}-{-0.22,0.0,-0.29825180805870444,0.042621896617640743,-0.29825180805870444,-0.042621896617640605}
85={0.0,0.0,1.0,0.0,0.0,0.0}-{-0.22,0.0,-0.29825180805870444,-0.042621896617640605,-0.2847213595499958,-0.12049597671995696}
85={0.0,0.0,1.0,0.0,0.0,0.0}-{-0.22,0.0,-0.2847213595499958,-0.12049597671995696,-0.26,-0.1775352077758099}
85={0.0,0.0,1.0,0.0,0.0,0.0}-{-0.22,0.0,-0.26,-0.1775352077758099,-0.22836227706141235,-0.20387698855049602}
85={0.0,0.0,1.0,0.0,0.0,0.0}-{-0.22,0.0,-0.22836227706141235,-0.20387698855049602,-0.19527864045000423,-0.1949665858405065}
85={0.0,0.0,1.0,0.0,0.0,0.0}-{-0.229527864045000423,-0.1949665858405065,-0.1664695514912914,-0.15234468922286587}
85={0.0,0.0,1.0,0.0,0.0,0.0}-{-0.22664695514912914,-0.15234468922286587,-0.14691636338859196,-0.08338101183053918}
85={0.0,0.0,1.0,0.0,0.0,0.0}-{-0.224691636338859196,-0.08338101183053918,-0.14,-5.021051876504148e-17}
60={0.0,0.0,1.0,0.0,0.0,0.0}-{0.0,0.35,0.105,0.35,0.09592227305247308,0.400842080384475}
60={0.0,0.0,1.0,0.0,0.0,0.0}-{0.0,0.35,0.09592227305247308,0.400842080384475,0.0702587136676801,0.44289310318467423}
60={0.0,0.0,1.0,0.0,0.0,0.0}-{0.0,0.35,0.0702587136676801,0.44289310318467423,0.03244678440936948,0.4688820645368942}
60={0.0,0.0,1.0,0.0,0.0,0.0}-{0.0,0.35,0.03244678440936948,0.4688820645368942,-0.0109754886431036,0.47431523692103417}
60={0.0,0.0,1.0,0.0,0.0,0.0}-{0.0,0.35,-0.0109754886431036,0.47431523692103417,-0.05249999999999998,0.45825317547305483}
60={0.0,0.0,1.0,0.0,0.0,0.0}-{0.0,0.35,-0.05249999999999998,0.45825317547305483,-0.08494678440936947,0.42347315653655915}
60={0.0,0.0,1.0,0.0,0.0,0.0}-{0.0,0.35,-0.08494678440936947,0.42347315653655915,-0.10270549807704958,0.37598896135221993}
60={0.0,0.0,1.0,0.0,0.0,0.0}-{0.0,0.35,-0.10270549807704958,0.37598896135221993,-0.1027054980770496,0.3240110386477801}
60={0.0,0.0,1.0,0.0,0.0,0.0}-{0.0,0.35,-0.1027054980770496,0.3240110386477801,-0.08494678440936948,0.27652684346344086}
60={0.0,0.0,1.0,0.0,0.0,0.0}-{0.0,0.35,-0.08494678440936948,0.27652684346344086,-0.05250000000000005,0.24174682452694518}
60={0.0,0.0,1.0,0.0,0.0,0.0}-{0.0,0.35,-0.05250000000000005,0.24174682452694518,-0.010975488643103694,0.22568476307896582}
60={0.0,0.0,1.0,0.0,0.0,0.0}-{0.0,0.35,-0.010975488643103694,0.22568476307896582,0.03244678440936946,0.23111793546310577}
60={0.0,0.0,1.0,0.0,0.0,0.0}-{0.0,0.35,0.03244678440936946,0.23111793546310577,0.07025871366768006,0.25710689681532567}
60={0.0,0.0,1.0,0.0,0.0,0.0}-{0.0,0.35,0.07025871366768006,0.25710689681532567,0.09592227305247306,0.29915791961552485}
60={0.0,0.0,1.0,0.0,0.0,0.0}-{0.0,0.35,0.09592227305247306,0.29915791961552485,0.105,0.3499999999999999}
60={0.0,0.0,1.0,0.0,0.0,0.0}-{0.0,0.1,0.023,0.1,0.02101154552577982,0.10935494279074341}
60={0.0,0.0,1.0,0.0,0.0,0.0}-{0.0,0.1,0.02101154552577982,0.10935494279074341,0.01539000394625374,0.11709233098598007}
60={0.0,0.0,1.0,0.0,0.0,0.0}-{0.0,0.1,0.01539000394625374,0.11709233098598007,0.007107390870623791,0.12187429987478854}
60={0.0,0.0,1.0,0.0,0.0,0.0}-{0.0,0.1,0.007107390870623791,0.12187429987478854,-0.0024041546551560266,0.1228740035934703}
60={0.0,0.0,1.0,0.0,0.0,0.0}-{0.0,0.1,-0.0024041546551560266,0.1228740035934703,-0.011499999999999995,0.1199185842870421}
60={0.0,0.0,1.0,0.0,0.0,0.0}-{0.0,0.1,-0.011499999999999995,0.1199185842870421,-0.01860739087062379,0.11351906080272689}
60={0.0,0.0,1.0,0.0,0.0,0.0}-{0.0,0.1,-0.01860739087062379,0.11351906080272689,-0.022497394816877528,0.10478196888880847}
60={0.0,0.0,1.0,0.0,0.0,0.0}-{0.0,0.1,-0.022497394816877528,0.10478196888880847,-0.02249739481687753,0.09521803111119155}
60={0.0,0.0,1.0,0.0,0.0,0.0}-{0.0,0.1,-0.02249739481687753,0.09521803111119155,-0.01860739087062379,0.08648093919727312}
60={0.0,0.0,1.0,0.0,0.0,0.0}-{0.0,0.1,-0.01860739087062379,0.08648093919727312,-0.01150000000000001,0.08008141571295792}
60={0.0,0.0,1.0,0.0,0.0,0.0}-{0.0,0.1,-0.01150000000000001,0.08008141571295792,-0.0024041546551560474,0.07712599640652973}
60={0.0,0.0,1.0,0.0,0.0,0.0}-{0.0,0.1,-0.0024041546551560474,0.07712599640652973,0.0071073908706237865,0.07812570012521147}
60={0.0,0.0,1.0,0.0,0.0,0.0}-{0.0,0.1,0.0071073908706237865,0.07812570012521147,0.01539000394625373,0.08290766901401993}
60={0.0,0.0,1.0,0.0,0.0,0.0}-{0.0,0.1,0.01539000394625373,0.08290766901401993,0.02101154552577981,0.09064505720925659}
60={0.0,0.0,1.0,0.0,0.0,0.0}-{0.0,0.1,0.02101154552577981,0.09064505720925659,0.023,0.1}
60={0.0,0.0,1.0,0.0,0.0,0.0}-{0.0,-0.1,0.023,-0.1,0.02101154552577982,-0.0906450572092566}
60={0.0,0.0,1.0,0.0,0.0,0.0}-{0.0,-0.1,0.02101154552577982,-0.0906450572092566,0.01539000394625374,-0.08290766901401994}
60={0.0,0.0,1.0,0.0,0.0,0.0}-{0.0,-0.1,0.01539000394625374,-0.08290766901401994,0.007107390870623791,-0.07812570012521147}
60={0.0,0.0,1.0,0.0,0.0,0.0}-{0.0,-0.1,0.007107390870623791,-0.07812570012521147,-0.0024041546551560266,-0.07712599640652971}
60={0.0,0.0,1.0,0.0,0.0,0.0}-{0.0,-0.1,-0.0024041546551560266,-0.07712599640652971,-0.011499999999999995,-0.08008141571295792}
60={0.0,0.0,1.0,0.0,0.0,0.0}-{0.0,-0.1,-0.011499999999999995,-0.08008141571295792,-0.01860739087062379,-0.08648093919727312}
60={0.0,0.0,1.0,0.0,0.0,0.0}-{0.0,-0.1,-0.01860739087062379,-0.08648093919727312,-0.022497394816877528,-0.09521803111119154}
60={0.0,0.0,1.0,0.0,0.0,0.0}-{0.0,-0.1,-0.022497394816877528,-0.09521803111119154,-0.02249739481687753,-0.10478196888880846}
60={0.0,0.0,1.0,0.0,0.0,0.0}-{0.0,-0.1,-0.02249739481687753,-0.10478196888880846,-0.01860739087062379,-0.11351906080272689}
60={0.0,0.0,1.0,0.0,0.0,0.0}-{0.0,-0.1,-0.01860739087062379,-0.11351906080272689,-0.01150000000000001,-0.1199185842870421}
60={0.0,0.0,1.0,0.0,0.0,0.0}-{0.0,-0.1,-0.01150000000000001,-0.1199185842870421,-0.0024041546551560474,-0.12287400359347028}
60={0.0,0.0,1.0,0.0,0.0,0.0}-{0.0,-0.1,-0.0024041546551560474,-0.12287400359347028,0.0071073908706237865,-0.12187429987478854}
60={0.0,0.0,1.0,0.0,0.0,0.0}-{0.0,-0.1,0.0071073908706237865,-0.12187429987478854,0.01539000394625373,-0.11709233098598008}
60={0.0,0.0,1.0,0.0,0.0,0.0}-{0.0,-0.1,0.01539000394625373,-0.11709233098598008,0.02101154552577981,-0.10935494279074343}
60={0.0,0.0,1.0,0.0,0.0,0.0}-{0.0,-0.1,0.02101154552577981,-0.10935494279074343,0.023,-0.1}
60={0.0,0.0,1.0,0.0,0.0,0.0}-{-0.08,-0.605,-0.057,-0.605,-0.05898845447422019,-0.6003225286046283}
60={0.0,0.0,1.0,0.0,0.0,0.0}-{-0.08,-0.605,-0.05898845447422019,-0.6003225286046283,-0.06460999605374626,-0.59645383450701}
60={0.0,0.0,1.0,0.0,0.0,0.0}-{-0.08,-0.605,-0.06460999605374626,-0.59645383450701,-0.07289260912937622,-0.5940628500626057}
60={0.0,0.0,1.0,0.0,0.0,0.0}-{-0.08,-0.605,-0.07289260912937622,-0.5940628500626057,-0.08240415465515603,-0.5935629982032649}
60={0.0,0.0,1.0,0.0,0.0,0.0}-{-0.08,-0.605,-0.08240415465515603,-0.5935629982032649,-0.0915,-0.5950407078564789}
60={0.0,0.0,1.0,0.0,0.0,0.0}-{-0.08,-0.605,-0.0915,-0.5950407078564789,-0.09860739087062378,-0.5982404695986365}
60={0.0,0.0,1.0,0.0,0.0,0.0}-{-0.08,-0.605,-0.09860739087062378,-0.5982404695986365,-0.10249739481687753,-0.6026090155555958}
60={0.0,0.0,1.0,0.0,0.0,0.0}-{-0.08,-0.605,-0.10249739481687753,-0.6026090155555958,-0.10249739481687753,-0.6073909844444042}
60={0.0,0.0,1.0,0.0,0.0,0.0}-{-0.08,-0.605,-0.10249739481687753,-0.6073909844444042,-0.09860739087062378,-0.6117595304013634}
60={0.0,0.0,1.0,0.0,0.0,0.0}-{-0.08,-0.605,-0.09860739087062378,-0.6117595304013634,-0.09150000000000001,-0.6149592921435211}
60={0.0,0.0,1.0,0.0,0.0,0.0}-{-0.08,-0.605,-0.09150000000000001,-0.6149592921435211,-0.08240415465515605,-0.6164370017967351}
60={0.0,0.0,1.0,0.0,0.0,0.0}-{-0.08,-0.605,-0.08240415465515605,-0.6164370017967351,-0.07289260912937622,-0.6159371499373942}
60={0.0,0.0,1.0,0.0,0.0,0.0}-{-0.08,-0.605,-0.07289260912937622,-0.6159371499373942,-0.06460999605374627,-0.61354616549299}
60={0.0,0.0,1.0,0.0,0.0,0.0}-{-0.08,-0.605,-0.06460999605374627,-0.61354616549299,-0.05898845447422019,-0.6096774713953717}
60={0.0,0.0,1.0,0.0,0.0,0.0}-{-0.08,-0.605,-0.05898845447422019,-0.6096774713953717,-0.057,-0.605}
60={0.0,0.0,1.0,0.0,0.0,0.0}-{0.0,-0.605,0.0115,-0.605,0.01050577276288991,-0.6003225286046283}
60={0.0,0.0,1.0,0.0,0.0,0.0}-{0.0,-0.605,0.01050577276288991,-0.6003225286046283,0.00769500197312687,-0.59645383450701}
60={0.0,0.0,1.0,0.0,0.0,0.0}-{0.0,-0.605,0.00769500197312687,-0.59645383450701,0.0035536954353118954,-0.5940628500626057}
60={0.0,0.0,1.0,0.0,0.0,0.0}-{0.0,-0.605,0.0035536954353118954,-0.5940628500626057,-0.0012020773275780133,-0.5935629982032649}
60={0.0,0.0,1.0,0.0,0.0,0.0}-{0.0,-0.605,-0.0012020773275780133,-0.5935629982032649,-0.005749999999999997,-0.5950407078564789}
60={0.0,0.0,1.0,0.0,0.0,0.0}-{0.0,-0.605,-0.005749999999999997,-0.5950407078564789,-0.009303695435311895,-0.5982404695986365}
60={0.0,0.0,1.0,0.0,0.0,0.0}-{0.0,-0.605,-0.009303695435311895,-0.5982404695986365,-0.011248697408438764,-0.6026090155555958}
60={0.0,0.0,1.0,0.0,0.0,0.0}-{0.0,-0.605,-0.011248697408438764,-0.6026090155555958,-0.011248697408438766,-0.6073909844444042}
60={0.0,0.0,1.0,0.0,0.0,0.0}-{0.0,-0.605,-0.011248697408438766,-0.6073909844444042,-0.009303695435311895,-0.6117595304013634}
60={0.0,0.0,1.0,0.0,0.0,0.0}-{0.0,-0.605,-0.009303695435311895,-0.6117595304013634,-0.005750000000000005,-0.6149592921435211}
60={0.0,0.0,1.0,0.0,0.0,0.0}-{0.0,-0.605,-0.005750000000000005,-0.6149592921435211,-0.0012020773275780237,-0.6164370017967351}
60={0.0,0.0,1.0,0.0,0.0,0.0}-{0.0,-0.605,-0.0012020773275780237,-0.6164370017967351,0.0035536954353118932,-0.6159371499373942}
60={0.0,0.0,1.0,0.0,0.0,0.0}-{0.0,-0.605,0.0035536954353118932,-0.6159371499373942,0.007695001973126865,-0.61354616549299}
60={0.0,0.0,1.0,0.0,0.0,0.0}-{0.0,-0.605,0.007695001973126865,-0.61354616549299,0.010505772762889906,-0.6096774713953717}
60={0.0,0.0,1.0,0.0,0.0,0.0}-{0.0,-0.605,0.010505772762889906,-0.6096774713953717,0.0115,-0.605}
60={0.0,0.0,1.0,0.0,0.0,0.0}-{0.06,-0.605,0.0715,-0.605,0.07050577276288991,-0.5956450572092565}
60={0.0,0.0,1.0,0.0,0.0,0.0}-{0.06,-0.605,0.07050577276288991,-0.5956450572092565,0.06769500197312686,-0.5879076690140199}
60={0.0,0.0,1.0,0.0,0.0,0.0}-{0.06,-0.605,0.06769500197312686,-0.5879076690140199,0.06355369543531189,-0.5831257001252115}
60={0.0,0.0,1.0,0.0,0.0,0.0}-{0.06,-0.605,0.06355369543531189,-0.5831257001252115,0.05879792267242198,-0.5821259964065297}
60={0.0,0.0,1.0,0.0,0.0,0.0}-{0.06,-0.605,0.05879792267242198,-0.5821259964065297,0.05425,-0.5850814157129579}
60={0.0,0.0,1.0,0.0,0.0,0.0}-{0.06,-0.605,0.05425,-0.5850814157129579,0.0506963045646881,-0.5914809391972731}
60={0.0,0.0,1.0,0.0,0.0,0.0}-{0.06,-0.605,0.0506963045646881,-0.5914809391972731,0.048751302591561234,-0.6002180311111915}
60={0.0,0.0,1.0,0.0,0.0,0.0}-{0.06,-0.605,0.048751302591561234,-0.6002180311111915,0.048751302591561234,-0.6097819688888084}
60={0.0,0.0,1.0,0.0,0.0,0.0}-{0.06,-0.605,0.048751302591561234,-0.6097819688888084,0.0506963045646881,-0.6185190608027269}
60={0.0,0.0,1.0,0.0,0.0,0.0}-{0.06,-0.605,0.0506963045646881,-0.6185190608027269,0.05424999999999999,-0.6249185842870421}
60={0.0,0.0,1.0,0.0,0.0,0.0}-{0.06,-0.605,0.05424999999999999,-0.6249185842870421,0.058797922672421975,-0.6278740035934702}
60={0.0,0.0,1.0,0.0,0.0,0.0}-{0.06,-0.605,0.058797922672421975,-0.6278740035934702,0.06355369543531189,-0.6268742998747885}
60={0.0,0.0,1.0,0.0,0.0,0.0}-{0.06,-0.605,0.06355369543531189,-0.6268742998747885,0.06769500197312686,-0.62209233098598}
60={0.0,0.0,1.0,0.0,0.0,0.0}-{0.06,-0.605,0.06769500197312686,-0.62209233098598,0.0705057727628899,-0.6143549427907434}
60={0.0,0.0,1.0,0.0,0.0,0.0}-{0.06,-0.605,0.0705057727628899,-0.6143549427907434,0.0715,-0.605}