polygon((248.0112648411129,50.554485232538404),(196.9199844090918,29.394325346234837),(235.76122301477238,21.95517285297034))(155.03309312001807,93.67882350462698)
polygon((159.28782091358835,192.953261036954),(26.944879153870666,61.05375077471562),(56.007653487452416,220.90994410489265))(139.7295821579586,103.91201686958189)
polygon((3.0596189424349545,167.80315144166252),(116.60198531231097,205.68973800234397),(158.8085516387671,196.3478247727018))(109.98027816768594,139.69200684299932)
polygon((38.74105596261547,9.666578285691408),(80.08421258482065,236.93979640642937),(171.54988043825094,198.35476350135406))(162.90924155249485,74.40446889342789)
polygon((44.121949129174254,49.78123434250423),(119.67005359492775,198.0603084792058),(37.86737672711867,26.802646214769656))(111.351853446598,150.06770362687246)
polygon((226.24214669088832,141.448596220743),(209.9329405173272,252.68394581330767),(95.13661842145596,83.65472701265145))(171.44802543688735,71.8365164955652)
polygon((133.20949327813392,108.6964563709754),(112.44044703468983,27.418962474824276),(22.251023019983304,29.38126098468454))(65.40709984024734,116.572298376101)
polygon((11.26090841300267,218.2289244696953),(4.969248239390676,239.42736731669268),(251.36364240311673,188.45146641602088))(75.45886268575397,148.272422604567)
polygon((233.5829367009351,113.69009162259175),(104.74234317416742,86.852351654755),(36.80026046090391,182.27999327709844))(163.43039995565488,160.7596876373855)
polygon((177.58282805269948,65.82778409378761),(109.21759653562957,156.05307746064892),(212.58370067210382,84.80967671103024))(106.13541485170353,141.47709873019528)
polygon((141.25477255384732,209.03848387623376),(117.78693327286032,53.12636354937628),(5.653801215071023,90.4269931169181))(88.39535278454946,132.45272642364844)
polygon((93.52185216022153,124.30055777514853),(255.34532673191342,234.28693470218508),(50.008194191008144,183.4614686054898))(110.87210858220928,82.14138201585386)
polygon((244.927605365162,97.70395049104077),(196.39538125811035,74.73626365283128),(216.07540378605262,175.30107243833123))(137.82772863489066,95.81585665547905)
polygon((154.3594114130386,158.85878732572198),(184.39621690305455,128.34772565418342),(56.507035337092724,62.39631675644293))(147.04951440596332,67.24040437559788)
polygon((235.76030767095122,174.50820392075312),(84.8905730139435,250.51094085565853),(174.22323605459658,151.3366365963794))(142.78468686225574,138.01085966508572)
polygon((32.79124482594522,233.73965221302848),(172.31178067943605,184.96651386212017),(78.30598902746925,133.95569831678384))(66.43606096030605,90.23308516144708)
polygon((6.094212711633987,196.49260796445674),(2.7772538666418307,234.35987100548533),(57.58243326812591,191.31346232671757))(95.24962673251856,74.15725649678731)
polygon((40.826200278614515,82.69145167785366),(104.0958489106872,218.9164130925079),(155.722927409624,189.552838317502))(154.8401474420126,183.82454379820024)
polygon((66.69977992644492,83.87895146593002),(250.61381309786236,54.47722106801498),(190.0876901252304,129.10927087528657))(85.52977901571779,91.37763927871502)
polygon((247.1546309278104,57.55398331440644),(203.02186108643582,105.0975447403766),(131.5912382781693,118.83654593765817))(174.97832947886008,131.59573605712714)
polygon((234.0245920161563,83.70528833072026),(219.81902016556,166.46003362380876),(251.18871584773208,69.54235182595795))(142.1713617859374,111.01579648997652)
polygon((163.76719010026346,70.00570196147208),(172.76401975479504,47.71105576552076),(134.24138291182058,48.8837731152536))(97.28999875342429,118.07500350741589)
polygon((137.7725707443059,165.39067013192977),(53.129045929677616,106.91519135721325),(220.18145048878137,11.338609793196808))(159.03224769518405,152.30885745455015)
polygon((150.45845379209712,214.47807156903514),(246.73125450440207,216.74710433407034),(232.79709050424947,22.50694658196975))(94.48664720722748,189.65575577340945)
polygon((123.24455860694307,27.3035872870759),(227.24263786436626,214.14377148680097),(3.6329678582207166,4.094605467735462))(183.4468595897411,70.86122920872326)
polygon((136.10566071961628,56.43486115285104),(222.51964302314582,22.91330057427946),(139.832700979563,101.38906665558811))(100.20424117357116,181.17900086476493)
polygon((246.7722958762535,159.75622865938897),(83.31595577917813,255.9928383650491),(42.55176853590119,11.92988700178035))(87.18092098436158,166.00126353599222)
polygon((86.76991796860996,129.5223500851518),(89.57564451636063,28.614555578363635),(98.23729250331306,19.181166421111406))(80.75663677959355,106.38933593431179)
polygon((220.56583683248746,251.47467141560773),(230.70290687118586,199.9260345493798),(206.56440388053457,96.30790498755923))(189.74750934560865,116.3717178710679)
polygon((94.76169902631308,230.8355867187754),(75.55040700288765,41.65704758495899),(54.88554488482902,118.63932214782749))(79.17582224208753,96.57518874961933)
polygon((49.691915715792575,3.3497882031712907),(29.978874794901106,11.480327154101227),(122.94864337213768,48.959033484721225))(98.88301680643275,187.76308351136697)
polygon((174.6280940497065,248.59263163202385),(185.89622087668616,216.8034398427797),(199.38225720356678,177.61268293768936))(194.1491752048732,109.2887583487326)
polygon((4.257980767675656,42.19818030582063),(39.56514037164291,88.02862953211454),(82.33662031160134,109.70854680322651))(65.61145168517233,96.9759543939808)
polygon((225.23510750548596,192.60019615934507),(193.63949408143174,90.88263514192224),(71.57487020946307,27.89277439787908))(158.03436460876802,148.3139257076587)
polygon((135.86126771852364,137.93867773339144),(243.4660533784784,231.65394894544426),(75.473977567012,139.80583082549728))(170.34315521559563,175.02721107812755)
polygon((67.21849258602356,208.92842901943828),(153.8753956426543,107.8292277939456),(223.20665156456792,54.14366985827651))(133.75270193829158,84.83559708648907)
polygon((123.20533318230382,244.76010349756206),(43.58527721265666,119.10771628622652),(31.521239546678583,15.455523934890858))(174.22661452511585,174.71242649933828)
polygon((249.33779461023676,41.24204485352777),(68.75110879417264,7.83766454992381),(11.87598506809831,173.62168794096797))(79.0028003216529,76.18082277777512)
polygon((21.930997767537246,217.36420297485031),(209.01017852102908,30.325456553613687),(229.81889002311405,220.6424792972209))(190.02200380595917,118.72062742796774)
polygon((202.39675256550373,157.63652358733125),(40.89210195517175,80.47189623285111),(236.5348551551258,71.16864327334052))(81.03759758910284,91.87093434206147)
polygon((93.07371045690684,82.53231615295199),(7.085949404653577,198.02397469113936),(138.55729581361035,197.6590911232406))(152.07068165240443,180.024961060404)
polygon((142.69591042390576,10.195790188018172),(163.86826135991092,30.571549289195396),(98.19725991243874,217.7909258056081))(117.95680048124291,71.96356196882373)
polygon((92.38701993580645,191.89921338048646),(85.4325527211738,106.1076906923779),(44.79020005950958,188.98064464916982))(139.134968472917,155.99268159773266)
polygon((75.54060833711465,155.9293383154082),(155.91145819656225,186.01577400053267),(204.79465985057823,57.29713022175064))(79.06641433927678,87.00463180169655)
polygon((65.41279614602483,26.627958902445215),(108.8405942220892,111.68696997962998),(219.52351774633678,219.08844899322966))(104.46089372931158,89.98317158224731)
polygon((68.51485423473949,85.46989015735491),(58.97436582454073,107.4602565678975),(169.6947790645982,91.44158563472013))(122.73572019285345,119.16966873650382)
polygon((53.44138972915732,226.89966176873205),(91.17589243890419,16.10535410723815),(18.278265054848173,147.958971908665))(184.42151795449004,146.60668693454136)
polygon((182.3101995133434,234.22828577425435),(231.2306149484893,187.78870859990917),(242.66043846894053,82.8247219848048))(107.46056645310955,179.27370069185935)
polygon((157.81230925240166,87.62852609075559),(131.8502043591705,171.56088856091176),(74.45838882287968,247.34243946483494))(105.08772504458705,97.15601511425453)
polygon((48.108386964944316,213.8470031869696),(55.80530523599338,162.95283478438677),(245.62564080191,13.434123197808391))(155.6688736655526,120.04662435249163)
polygon((152.82478925657884,90.29365521401976),(62.736459426134104,191.05587768876893),(183.12296156098068,71.49976985116288))(186.86764819905028,80.58330747037405)
polygon((125.92866973986706,64.71754177812281),(89.9308452237609,111.77376853739695),(132.1758393773824,19.72752621949416))(71.39392696548562,83.86197263138084)
polygon((75.22572079313483,115.33122432902026),(198.95036702141707,14.14262201512826),(60.106283561009775,137.8755043321811))(142.13327330781408,120.41997890320695)
polygon((87.02145673248887,77.5488001410435),(182.96456946068324,61.918825439893936),(82.71509818558962,193.43743032911686))(104.00204139322486,163.622032859503)
polygon((70.94015922809342,98.42749323615223),(39.264908709485155,140.23527802595467),(88.57652290102172,98.86974134267206))(173.17140967957832,98.38307563820271)
polygon((106.56854933127323,89.60558850130259),(122.17675781667994,141.763427680571),(81.54809289854225,80.52944624647266))(166.68021027468865,85.29963795541757)
polygon((109.52973511370236,43.34621946578033),(245.69320288752684,189.0862142573572),(244.862823010279,225.7375237603618))(76.67494629702173,144.37076901048408)
polygon((230.70580241686275,128.87052896981467),(125.73819583508636,239.75248270284362),(224.372882908551,130.4116343920226))(177.49170078105635,117.26700702121212)
polygon((115.50756842199313,93.11435810582128),(227.72816129940247,211.71301901853346),(23.058072136235346,59.8389679484417))(194.33199893582852,147.5728275250658)
polygon((176.06470261548392,197.22057316673468),(69.59629899335268,134.4795741582135),(35.255175332621654,228.4632457065582))(171.90580750089953,155.93806491572337)
polygon((114.47136848074634,6.796341990709103),(148.06723414706735,202.05625071107767),(222.55028677243163,112.1768035314588))(71.66729980101833,90.95749544669283)
polygon((123.32462751602606,157.41635258809094),(8.043894738192307,52.20252367221434),(194.01433795161145,67.61227108329008))(85.80043392984287,82.81689688862426)
polygon((17.766180162879113,149.0221771152011),(230.10990899792515,117.53616009073497),(136.29881782385124,14.062905973484234))(109.67716156192844,191.41709246325118)
polygon((138.44083138427018,225.059171095376),(43.75214289700532,139.69791067179696),(100.68508446922408,114.87384311003966))(160.86696017592146,108.36713400188431)
polygon((55.540859130799554,182.51529319681507),(238.90311283276904,38.0470534325729),(112.76349653411984,183.25237874416882))(138.191773022215,134.03881624938026)
polygon((37.52113030217074,239.24332811634147),(247.74265368312203,185.05940535586723),(206.72680107398048,26.58109198675502))(143.05546592875086,109.385365772872)
polygon((178.69024991738246,224.7673623426323),(110.60267382196417,200.6157234956707),(194.72164866597308,165.980502676221))(130.3039038317499,79.984249401355)
polygon((75.62340044470103,186.1210650404031),(53.29760669879445,85.57102528668928),(210.10401738783708,196.8401175838765))(126.09403087540933,178.65485773467464)
polygon((87.4377585651615,209.79996997244783),(39.83401412033582,91.0927702019664),(104.5239313035887,213.74811356592187))(110.76279442467248,176.70568746516176)
polygon((115.3314587535368,41.02754736589368),(28.03162994825329,174.9175799460883),(241.90102328572695,217.94651148127457))(194.53183713622914,129.0770816493577)
polygon((33.66238113078419,171.25813605928727),(134.85487103797166,225.3774803292909),(77.4849850015239,182.9947591290533))(128.7953825502344,187.97046490904646)
polygon((132.24043745170525,176.22125279030806),(120.79870041894627,211.21442969577862),(144.72378179045793,169.5047640849149))(195.24961736834237,174.14819975851785)
polygon((20.096617532541387,157.68072062581433),(238.5974116725612,143.92317567559422),(191.67241609687568,14.524318800162225))(143.04345180703385,176.91096511198626)
polygon((245.21798693874,35.3851336447872),(213.35855541373576,120.12153074130836),(182.49709825007878,48.572245668801024))(189.44420095184688,154.92703602255233)
polygon((92.13605063574646,250.52719383425068),(121.8506481008471,26.702909114531263),(198.34309024106227,130.3326728892521))(102.84978293621252,148.21194795901533)
polygon((170.2445321615913,127.7311017637614),(118.01991478371266,88.66240326084427),(84.72540840727459,50.50782971413389))(79.61380590656024,180.5829180988564)
polygon((133.4119547908181,222.98154852792098),(111.45957510327874,132.40273471985657),(128.0622989211995,213.49569355123904))(187.5203881826264,163.40168130928794)
polygon((42.14711691816984,86.48504586769211),(227.62177755702118,87.07573540945663),(157.85935872590258,150.2736209940761))(104.26420909739713,106.46846746349232)
polygon((121.04632555576177,185.5013110785976),(107.32766222411232,239.8840329659649),(27.77558556380552,232.98648881030473))(84.47405173275519,157.55143501348238)
polygon((150.93041784381816,232.39705535939584),(98.20549712141772,135.73148213030538),(77.17718342246748,19.55045265182947))(97.08414592347482,160.45797607165133)
polygon((9.262623097301546,102.67793054409746),(218.55327376938007,239.5795670662254),(17.949358916012393,126.0098031432884))(67.17894083669235,164.18053694157436)
polygon((25.157762221723097,216.6830549183084),(37.53207254288132,111.75953962342703),(132.2376621342368,184.13596760300618))(157.87282450357083,146.25256626426966)
polygon((5.644695593060717,200.22719190798077),(130.81138777647885,209.69556313821914),(122.26938042204685,37.741068667197496))(90.26900653905338,123.75671818801257)
polygon((17.849075910036532,82.8173963656584),(252.8276793918534,128.62711837782194),(60.958469314833856,139.39407101790317))(65.01583310181505,190.8080294238249)
polygon((73.02870813589088,144.97719487179418),(229.2383320908907,12.907159371667898),(211.74101865252035,243.23650988804727))(168.00472765285016,87.47886259592826)
polygon((217.93000173369728,108.86675825602384),(171.34314654018328,27.119245629283604),(156.20530507327248,3.2634853877278265))(176.1315664816176,177.30637062738322)
polygon((79.9716610645709,193.94000417242341),(205.31173064025845,209.85246896972612),(28.14516472578443,95.04618707487674))(83.39316758664214,84.22409828741226)
polygon((107.89871548593666,12.512444038254936),(157.9270765018366,226.4484645927996),(63.303919846925865,174.24883035423707))(114.26655307882345,149.37335464232416)
polygon((77.25547443410274,123.65681129080532),(14.392984883245196,172.82512575358456),(122.43388984532216,17.253319133719593))(73.89196769623068,85.93885931451477)
polygon((107.62377360469641,64.32236179384174),(152.33704226620634,235.39553386766772),(237.68554490411384,255.00407866005892))(85.06882035831845,183.87162361043778)
polygon((54.96452317971691,253.5158412072682),(76.991658942501,118.88019608315766),(204.9438046336231,177.31572651889923))(136.29414241159532,139.3110092673013)
polygon((97.66175121956094,182.00451448449377),(175.19651013528923,179.15377483901605),(17.594646407415198,41.909602649774364))(87.69096847189103,67.2567231047327)
polygon((132.62903680003393,76.39550032382161),(84.56071478550402,63.066815582681194),(122.55887644090252,131.0270977241901))(92.48464570202115,115.85144560339116)
polygon((238.2886735004913,143.56483450583198),(99.97633079730566,175.42152580095166),(8.696569893614763,171.21534605350521))(66.8836526541187,133.48409117026142)
polygon((179.76803524447274,185.07913970655258),(155.61369337743807,80.90087196138717),(141.33934307785032,245.32292007057592))(133.09731581806645,112.63053273646736)
polygon((120.98374315316453,246.4032708246081),(117.63323342828816,47.24553465207361),(135.42401009882346,54.38467427331249))(118.5405015488565,83.2943491046798)
polygon((17.759910407268787,79.37284044921712),(19.019864784101806,99.45902502846063),(209.17209876143704,222.3609488623389))(142.4366823321459,84.76445745578692)
polygon((137.44243644902394,55.77108669962429),(244.34199871233255,100.91839322548346),(254.73003146490265,192.36994819055758))(71.76675238790783,71.76808088462131)
polygon((97.07464237125866,165.93820303890254),(119.63748333467007,7.063210467603459),(205.83104952455838,3.739873911545181))(123.04742947955845,102.98984437472654)
polygon((112.49770877349879,188.12591207888113),(131.47356889984323,73.80666940686227),(113.22190139868665,178.31812836450953))(146.97326764452887,127.53491840670017)
polygon((171.44251125415175,192.28311053086617),(18.872562106369283,149.96111349198532),(196.85623516450508,31.86137721564696))(97.13620395229749,75.60344384120324)
polygon((163.51059627553414,21.426460944742935),(111.04470309601692,155.81698907720124),(77.2781956174309,88.901793650454))(70.68067701048504,193.1769888396823)
polygon((233.48042061491927,21.349797529487137),(83.45774319022155,160.6310855383976),(38.3274844999569,111.8451182057745))(95.06490596238471,170.87144514924586)
polygon((235.52721401124285,135.50752125402036),(133.4287790228115,64.96408975113187),(139.2570179584083,70.22819995388646))(178.40394392802997,163.6320585115617)
polygon((3.565490854003827,186.80825187358735),(12.161433207075499,150.40964602822564),(47.53535849077224,232.54752992416633))(113.72999966266883,192.80657185906293)
polygon((106.8368808574424,67.21482072205407),(76.04881206765246,91.61411803426137),(136.090055031408,15.133812427264505))(153.44564907068494,92.27069904064851)
polygon((42.0372070715793,44.11231112151073),(145.82846079457943,206.87127006597103),(67.65580708612606,42.36104513394554))(95.92696690662865,174.6043893690144)
polygon((110.31407032827137,167.11009482974697),(180.72932425819343,45.75201129750314),(94.98172079765583,254.27997156903444))(120.85775744239393,174.87540362583746)
polygon((199.54100040264368,207.7525256201781),(219.1830928429908,177.8374145878662),(55.19417345498267,77.36373112237176))(81.39310420366198,70.05586116730942)
polygon((92.82774501886695,1.8511621155255833),(22.26485978441559,61.437733157417725),(148.57334226763973,104.43508345495161))(106.46925264495415,143.35149217745825)
polygon((200.46188661849507,247.82853706026225),(38.449868392913565,4.789979470361548),(12.675480525514498,184.54157390123532))(113.87379329679416,186.16393161609435)
polygon((30.981106988176283,38.02334077398631),(125.67326204414684,142.63559946970696),(178.3218024239107,149.02823172648363))(125.35771025679179,82.10597209515406)
polygon((96.0025504969492,83.03005453353808),(140.17479423054473,158.31776351311171),(150.97376493848085,97.38158095659554))(122.11121420402958,161.85995581531495)
polygon((118.58190279458621,246.50024551778554),(78.40908794528092,42.83736844433718),(8.886661156332101,175.0811485509983))(122.27688971712165,163.30167754077289)
polygon((77.47240350204588,194.90830011302214),(163.9363832378037,38.70897363905604),(86.40611938295959,15.657784488642733))(66.68232470904839,102.5945349416709)
polygon((83.69617618252666,203.33964344965543),(93.41912726046266,34.13233144226289),(201.81543656598592,255.50821963189244))(170.80809863845752,80.42856769950012)
polygon((85.27334370905088,238.38800239746143),(112.98410603925974,137.57308527556532),(176.90808428209257,20.153545982830753))(184.93437448329033,164.32782614707293)
polygon((158.53589589204245,202.50276885034472),(227.59571172407232,22.956534589223857),(86.44998519828239,81.73716109933925))(170.6118134810169,181.8724941737679)
polygon((46.132535383478825,118.00365416642396),(235.71433874434732,205.4193029964851),(49.14180973496068,186.00239114791006))(96.70553968867293,80.0645530772388)
polygon((232.00431224810507,11.386686334071698),(6.830812123235934,55.60287163011888),(200.52657436515486,146.0960943980806))(96.757457397802,116.43634435512291)
polygon((82.90949358455941,229.73301955918313),(217.32490683230625,82.13617588686648),(231.90885967575247,242.863766376708))(129.96913321635589,175.06845712141717)
polygon((80.96414007850355,123.81446616712178),(247.45217714239934,236.42972646529125),(182.25124958145054,207.81445250416965))(116.22110180380457,151.1116153789969)
polygon((94.65665144945602,78.61679754957447),(234.5836797381663,183.9022320020989),(52.76884606841493,201.2785310277063))(127.46887648847826,74.70573268166214)
polygon((86.21698278185221,172.57381730933625),(66.9764425744868,125.8183320477315),(98.95186895712999,160.21440281824414))(115.09675205195066,174.52931749217475)
polygon((45.28966403461856,70.46606312453473),(112.58667985704228,216.8090771055421),(147.74884041961755,118.08007680594973))(151.9467455848241,153.9026777082252)
polygon((197.70258879095869,52.93013944107485),(181.43411078504494,37.67646484991926),(111.86751287625549,5.668346957805285))(186.5877779702039,167.82850392771968)
polygon((175.19372846499002,142.51374891426957),(104.61324707064891,65.49227962908789),(9.305709596015504,77.98096742851787))(81.3923651872354,104.90123541701783)
polygon((158.82980901700995,156.90754668400007),(226.96958760380116,227.12817735006618),(56.344753996234125,75.03228844625237))(144.7689327032349,96.2525608268938)
polygon((153.61471515199108,6.2776954112385335),(1.4521509950911407,147.62706512310777),(190.12231838152798,141.77466079861082))(72.0112096589849,194.90314905950729)
polygon((99.85576735508204,124.28132287478331),(195.12964248438806,158.98154456130362),(228.6650742882854,100.37116061032921))(184.6477847554438,153.4607643189899)
polygon((76.74260229982292,95.61982362735861),(243.47624435677463,142.2735224277493),(104.14846995110662,195.63278194680686))(159.73708352170524,123.70955590129972)
polygon((145.75693631502642,46.05699347007457),(93.88171423867031,54.458471662994576),(189.2023674019524,33.865961700094694))(110.44525104910412,113.96231053200707)
polygon((22.046113623617398,79.09716659248119),(38.96650383701503,82.055850026384),(86.95862278140997,187.33257319702085))(189.0606741625682,111.01958262835421)
polygon((233.0858944772495,76.97593236337299),(217.94032459734652,109.23827458077355),(189.16059332817204,112.70378705601013))(101.17649357949698,107.30671071003567)
polygon((48.70799616318311,94.43261656150183),(150.12615545090262,179.64768690208115),(151.20096345078434,8.653428371713645))(84.86214060646331,99.34616316738408)
polygon((125.16722847479696,252.85222257531152),(173.30810288533465,206.69404154941083),(158.83611147049342,217.35858192565618))(130.0467564357802,77.14446259788359)
polygon((71.93058635672077,126.22955425169334),(32.0317146830517,141.36480827979196),(66.61644664935436,255.86417560340982))(110.48363859832007,124.72180865459484)
polygon((166.33943269140636,130.5392552161826),(155.03753961656864,211.25573250893532),(118.93176314621023,67.56664423529483))(130.02723071576443,179.5211374480012)
polygon((81.37278237109666,174.18907454201235),(89.75712455831629,8.145093722320246),(148.86099947605564,130.9822934876299))(129.1231881590746,78.13800462305687)
polygon((8.825740002472934,114.64428376557761),(71.2554998452622,61.07919050010589),(26.89559861801584,64.36754371313253))(70.51071388246133,137.66365943493307)
polygon((149.11095817543517,97.30960658294335),(151.74306044684297,219.81361698554966),(192.16726741750202,167.15736004359363))(109.45990366629044,70.28262268035981)
polygon((65.47079776872206,14.129340026226076),(193.48618261039965,20.261584037026875),(76.82068048638762,162.35729475997098))(165.2797242249634,117.31006479996442)
polygon((227.74285933389558,116.47743792837461),(210.8413000696709,157.46798663280404),(10.344898020168774,198.45637302722267))(172.39382878393786,76.13831582644532)
polygon((50.92257002699886,251.31751170542836),(94.90874517337838,100.49295859627934),(110.61394125781082,152.92550717844452))(193.5571790545072,188.16880898821992)
polygon((255.4399254030281,231.02747371744567),(126.69080282046194,246.6256239429073),(132.93016917634682,84.26285625772884))(92.64563215880064,83.91432411465065)
polygon((95.95435612110828,154.59231832777579),(195.09806180852254,201.000363661313),(171.48163046759143,67.65841093122053))(158.58354941824155,151.09509395786023)
polygon((68.25320821512787,37.127179831926384),(55.30444046987879,47.55457857824849),(13.358348367799879,17.654512821283586))(66.10106745189981,74.36897637992669)
polygon((101.4624072814835,205.14194714877638),(72.84639253233377,55.10554365098647),(236.60087038129072,68.29736565084715))(162.6064203601163,175.77772031380792)
polygon((208.37742568210695,207.46206134856163),(127.42577371984471,111.58181207066207),(162.11746825928486,170.20076112761873))(190.9557133434758,195.37763359143977)
polygon((159.1708908672705,124.77382111572955),(211.15748344578608,220.88208564128345),(30.48408086140198,245.8965423612759))(127.61406852078355,188.67828128004504)
polygon((148.99720595274223,121.37416897309588),(253.30174783625554,223.5957847818231),(159.63516213612564,249.72551396487606))(109.12711802690328,115.43164461478939)
polygon((83.89721262295245,57.61384435857938),(192.51199752168571,115.12421601526171),(80.23066073562573,198.74122206013297))(189.29967282797347,182.2815224410902)
polygon((161.71249524493308,98.10710039546281),(65.26776064506299,164.64734308324165),(143.84386533911834,42.90649243504037))(188.26956001106555,103.50445733380477)
polygon((42.272141516902025,248.1090599902881),(124.742751853246,171.34844461734988),(77.71186727562811,173.5448594656916))(171.5120782360533,95.72351485851522)
polygon((166.78716515220162,84.5234710469278),(177.96068305953906,24.160729501262452),(124.88008886240374,199.50779871971707))(108.726395741958,94.8899507721133)
polygon((124.40090846034286,224.74163172767481),(174.2950506667689,8.720825604572529),(122.52860221782834,77.12652186412127))(172.85014706990577,79.40914135523845)
polygon((98.84549783245926,245.19124800958338),(166.31225430263322,75.05481146254759),(133.33493539910717,130.6205933047268))(99.61700066925476,124.11386866367931)
polygon((6.844859749192781,254.93381762952006),(17.843475840828823,36.82014083068942),(234.2406159185437,181.76765515663806))(165.6625149839312,185.86787704809467)
polygon((241.15611125487993,208.9434821374428),(11.732145644736452,92.64346564735987),(164.56779632440723,20.096594721677373))(151.08958325225586,131.2751252418127)
polygon((126.9934400716492,87.5581363558301),(212.95056022595546,213.9879837554243),(62.29724193440564,117.62021217456827))(187.83020391432723,74.65961478840579)
polygon((57.53309974875804,208.28952651630362),(81.79247287602261,70.34160620836742),(79.55182033047815,107.4570058506584))(70.03734843213758,147.15593945783772)
polygon((185.47180796413213,185.21826685273663),(226.96509671358646,67.45413525058436),(174.13293452818397,139.8670665918831))(84.53190836692106,96.03163334067112)
polygon((12.022740748214652,96.10531642775477),(30.970282877166348,77.45400219065358),(101.52171750927128,29.815862854621816))(149.38665439321028,119.02727322979915)
polygon((187.77636691531842,124.49998637123399),(164.1922255107784,3.8170126054591993),(49.438095482993454,182.30311926478367))(193.5212746554993,187.9069158526342)
polygon((219.21396112821486,22.424324821903618),(179.26806909627558,185.07535242377904),(202.6841180817897,251.10226381430118))(137.2578830902786,165.38192039203074)
polygon((241.1174905019208,45.33354206595932),(105.41128908488818,98.78458115657364),(186.16141255809157,52.44708301110734))(125.66235737211022,175.7664136350568)
polygon((117.09507455812341,245.79714774229933),(207.6433883544813,168.11165371651606),(148.8132812398472,250.49438566691614))(146.7539034953288,86.35284522458953)
polygon((25.383893857730037,146.25378644676263),(207.90184805192837,83.97041450512),(123.49433730860913,233.88317962792806))(194.23424567624386,153.4063320464829)
polygon((55.728110015417094,103.70508551148242),(78.22691174597924,154.07585644816555),(234.0029568976539,30.913280796809342))(115.45157241948662,141.21357252246906)
polygon((212.5141097244741,197.59657748454742),(16.35118326616898,153.30775385826547),(242.0547367698004,92.12275997715956))(103.31991735916925,67.44663648400389)
polygon((39.446810862337756,103.92652224407165),(153.5942171426865,140.83963140935),(159.81887743519633,116.02485870301756))(153.02720127680547,144.68781624463443)
polygon((130.9531943827368,50.187305774601505),(190.64333317095517,36.71870068428081),(19.319546936007306,4.5600271109281945))(80.84823741550328,144.55586223055087)
polygon((10.558475647977092,190.0835044173576),(9.010619125561707,178.95607271319668),(102.08284564645807,252.03402079472855))(148.71094272478408,110.15005976449225)
polygon((56.42472322379807,207.7246104603847),(138.1980951190551,109.54562735979478),(21.754221868121597,112.54767630261516))(153.96800933494438,85.32597657549856)
polygon((107.27623286958288,247.70616089114176),(136.97411883939506,107.6749273698465),(218.8508541470129,37.23723243443454))(124.08676474425337,87.91231271939945)
polygon((27.108993253624668,8.315769919069663),(103.22332096450101,19.18456965802995),(9.190575752091375,184.54446654506538))(189.0828466110351,133.25331396917093)
polygon((193.8198915677228,230.46191469214634),(208.94540230948792,184.92555857304026),(182.76218909611066,246.1712986685719))(193.37945017513118,92.19444315869869)
polygon((42.50211438139932,27.01346776840098),(241.91002392118526,208.58568906177865),(103.72357788813676,77.31671873967939))(171.26799787615843,106.10894409564344)
polygon((149.72989491941095,124.70399397152485),(182.15297981410797,83.01065655202603),(113.46030720967786,240.24535094221443))(146.20450662606703,91.76081159868637)
polygon((116.23135910943932,118.83515311218484),(220.37489352516633,48.44970638543376),(103.24606188665285,194.5160247151433))(194.757746776855,189.16170324604792)
polygon((117.6980504184806,145.48346959507404),(125.38098527410722,156.74833220015356),(210.11322120254937,59.02589593009011))(86.22143696344882,105.15555883047416)
polygon((97.65636368791147,250.99173569776124),(63.95239762817737,99.43971174088323),(183.83006119234173,192.11381049669967))(104.66279248488624,93.98381079734587)
polygon((112.07933732070332,42.07647525467173),(237.62366398212765,30.692689770255907),(80.70979752242673,167.385012059588))(101.43335073063716,150.17090932188168)
polygon((205.93770080756764,217.07743131486188),(17.41174349563293,205.11768787477726),(255.54068137032374,135.9322581893467))(85.14829958734467,172.78191883432257)
polygon((253.07864031959312,212.31652274833232),(230.56594286418564,244.8705846982707),(80.352201397059,127.62521626117328))(173.12022382720653,153.1975848806956)
polygon((2.7383361676457723,20.610948082901245),(160.96265621797772,87.85195542178909),(129.02933669399636,233.2354589158532))(87.09344105874148,184.7561033217775)
polygon((107.1437648447942,229.30686409621393),(14.231162018113618,218.1235433710088),(136.36155581186733,144.18395972504845))(114.02496310039444,155.12208046148874)
polygon((172.01764890057632,157.49716433106252),(59.32019096979583,81.61890897871388),(228.593694555344,134.53098176205975))(78.30471639032307,149.7245905195599)
polygon((171.0696233709358,68.95839034464666),(92.8309631223633,162.85503727843482),(205.90195004309382,243.24633275115903))(144.88994776981292,164.67528609348176)
polygon((193.71184606186205,55.37720792528442),(110.77266299141823,40.46636917407486),(117.93623274022733,91.25557190561302))(124.81319647907412,114.31280893002973)
polygon((91.57785707964346,131.16797583333522),(137.13169992386295,155.09480582890737),(252.56930643183844,196.47305386673906))(148.74731665464114,168.00598421280185)
polygon((207.4065317438917,16.279843323418522),(50.16043544123777,250.4141777971367),(93.42956507361664,41.783977161424794))(114.3685585596583,137.70125300366345)
polygon((185.2677897852136,246.4611183073374),(223.65281918611635,173.27736237167807),(27.75132593600392,38.30882543812854))(143.90051429960909,103.69006462016287)
polygon((247.4116889903769,201.0740597802032),(29.789295710309105,152.84350960086564),(203.069622167799,219.9788546118813))(167.5227499140273,160.97086666477074)
polygon((141.208086193555,171.10829627649025),(142.80136357053962,59.91246816398728),(122.75910360504339,230.07526739967506))(163.17313371345026,158.28573075886771)
polygon((147.73135586756828,194.77433824584548),(223.7382618442952,196.8679984023741),(111.48699668724626,89.60705468111286))(160.0663438616583,94.43353460436694)
polygon((23.08081063508002,58.98801393373228),(102.82323932020674,229.74279437142698),(144.70272444219358,181.4540695578073))(156.78529397037914,102.7993517219766)
polygon((151.75541816638517,175.70252200901268),(109.57656038152516,57.82324387685248),(205.71692682873297,117.70181615604265))(136.7668315121873,92.53229128659228)
polygon((70.80710306324391,206.07318156616944),(52.48065137190346,96.87745766227913),(39.15790927668675,199.3464693097955))(133.22057127941758,187.4907707231993)
polygon((107.07976677691767,48.422000018534646),(116.12639632485856,96.34777197107857),(84.71281505963847,64.46726566762729))(76.60280375003293,77.70351318066932)
polygon((19.385202531806463,145.12419769843834),(61.67352819600831,124.32880614855944),(88.29292269850642,5.0377607163861535))(159.83552279166418,67.09224559732213)
polygon((14.440884563622136,167.4396665852432),(187.0405524921311,235.09265141530744),(99.45905611372686,193.21673459309102))(170.84461481043047,187.1461721432915)
polygon((208.47387052506397,249.2974433932428),(228.5608001274271,221.73823346748745),(23.72360450189653,193.6795557559418))(160.07030813245098,136.3755116391563)
polygon((101.71285811562308,12.80565332449964),(105.68742199440192,195.05532769053082),(134.32752172410886,84.85409761835821))(68.74134854991381,157.27372130957974)
polygon((94.2880984510412,37.73361556440053),(158.7411507392248,225.826719244647),(226.69336265451622,202.71254678866248))(95.32754390196891,117.95211928120148)
polygon((99.50786275322986,46.01349668999932),(139.746667629861,128.62806122366402),(55.06233019441519,77.36901067292224))(128.45321300517793,133.31448790842506)
polygon((59.47662037091134,134.07368785940054),(229.6748947923967,160.88141037055993),(183.44940229413564,223.91563620255778))(98.54056777211552,100.29596438845826)
polygon((104.07109756455118,186.38070874971436),(215.46473424332638,182.23041549999874),(32.28624415896179,241.42863888918436))(171.9553152429187,188.14739023225656)
polygon((68.17088941856576,126.77043017616548),(155.37748375516298,46.32401696856648),(18.81193041637757,28.05824529979542))(80.55729051836016,78.02636234908248)
polygon((2.0157468515374575,81.94490912130226),(242.76281367067656,158.67571421744358),(68.44478925809325,128.52110062004928))(158.56136505715682,117.9779313945514)
polygon((83.4359571228293,138.69833586106483),(235.58442527704997,254.63243319548894),(241.51276247074958,115.57909246607574))(104.5570272488089,65.75231293685184)
polygon((160.6435094661634,5.1713801953143035),(252.85505672546086,230.80795206981273),(199.62882371146137,116.64412239028553))(127.43980718470094,90.3981604655993)
polygon((166.33484335973824,89.70150553955503),(65.46769673133485,75.93987890610637),(13.779914754218709,210.6782210343149))(157.79806587697684,183.23142963034607)
polygon((238.73189373757327,230.08764153981647),(224.92078590763785,20.372373664873667),(10.843359396724766,210.94565935669343))(170.4947447406154,71.0065189357377)
polygon((135.26503217641286,19.13531000543257),(123.30403758839732,96.83878163379487),(70.63175562533658,69.55782327171964))(88.37891842625817,137.23449489446978)
polygon((175.644359419963,154.66331794309835),(164.58763413713405,160.57550432844647),(65.63032593020068,102.41137130780157))(68.91081661741119,86.50775706468197)
polygon((83.90563336717562,248.70853596851532),(169.84275553635737,117.70940048892228),(176.8974773556164,12.364322264555277))(69.49937084968563,160.03681743665948)
polygon((237.76038897324267,47.173297676738954),(99.3283379602401,52.419603442531916),(242.3629619242977,35.86978265205511))(100.4783676422092,113.59940857708332)
polygon((7.420081292549421,92.14221676189413),(11.01842593699508,86.71253440958353),(173.9477376872938,52.4178287682453))(195.54539944790457,87.46702994895632)
polygon((159.50940708964822,228.40070891280084),(155.89774125969686,75.77761016679429),(9.845916263807975,156.66055705975776))(118.10404209124367,70.8105997704425)
polygon((29.167834339797157,221.18004060069595),(188.3431007423723,11.949579729790686),(97.87819089714287,218.927191319619))(163.11640857139514,84.18581568081316)
polygon((31.462168138507362,116.00592136753538),(240.40600571949136,54.789015824366494),(49.23052852629887,183.09020256933684))(83.72975078551904,85.875624143578)
polygon((116.04285892532506,2.8101216991438562),(63.462478307480296,217.2969790902054),(124.43963458835728,121.82768316446965))(161.94879930152945,157.33144889883977)
polygon((3.318769125445905,193.64194831093877),(229.26940922037716,228.10376975790342),(150.80724598381707,246.8838509746709))(111.27053332759569,122.49406464027808)
polygon((251.4547053959209,152.73057024862985),(16.529793157233826,126.57151899988975),(55.29737339544332,158.6412524192399))(162.52851497455063,94.70075223350969)
polygon((49.3349234096991,173.35618876338205),(78.59623518912383,127.35720720088284),(176.90985808321,164.65655871600288))(132.34984875782413,186.3526622826538)
polygon((236.31095828275954,210.41331374066644),(164.83793267399224,183.58147518122868),(153.85787109750981,150.4821945628346))(130.73668398087656,108.58070537476456)
polygon((239.54023570025527,164.0657098765181),(156.61318899850775,95.85018117377804),(232.48507328524605,83.30876461921824))(178.44046340731728,105.2913422823679)
polygon((53.539876034564884,134.7997610810757),(67.899989869967,24.844516180131468),(16.885433307111985,124.4434306182706))(136.30266319237646,154.14607010739434)
polygon((232.7305157373645,134.89404627509668),(181.55659797361437,236.52671291538883),(20.496173266814345,81.10336920561511))(159.0588959685412,191.54302973911223)
polygon((97.50603777054891,188.13482294512607),(255.92680677314289,148.43081583953528),(60.96617912320096,170.08573057373843))(129.72066847955318,105.40385862875175)
polygon((198.67598723162212,134.3725302004172),(170.47162731586113,157.40188724410825),(78.87598485359855,206.19040190276868))(186.3975820466407,73.17189514091716)
polygon((100.53801559158387,88.67614546836494),(136.07563066416492,190.09826764196154),(100.64724056154301,120.75769556712608))(119.36249273556255,98.79211048237319)
polygon((102.53570716336924,23.94603729197676),(58.31075737643456,114.77129474565321),(102.48692222376009,161.11544532863107))(95.16970076443839,116.8576875265824)
polygon((194.88077772229207,105.32215414506763),(8.85671396379955,138.31070500351478),(152.24072582258603,152.80739164633073))(83.34345155673518,155.52673879304956)
polygon((168.22229250057816,196.76182352800154),(103.38374867620686,236.1878366621694),(211.12289472434375,78.14408624940451))(85.82321773927521,143.46508896795518)
polygon((162.5774148255918,94.24638526142478),(111.92930201445141,101.92092392293662),(217.0715296946183,30.030311224206056))(160.65668273424728,67.99346462874531)
polygon((8.554290977436175,36.17736218875038),(39.00608307767935,89.83326164646064),(209.64745743419886,44.662517452213486))(86.5860598305566,92.15028879390825)
polygon((191.32447050942866,97.8406941099955),(157.59384784959,67.78433203169958),(243.8940281341627,31.67845305766064))(76.53282263451723,102.77351361331822)
polygon((184.53072778028286,115.19188005667047),(150.40956340414613,213.0365175185778),(169.37672525118182,180.2714182189892))(151.73442497157697,124.8355646055855)
polygon((52.888025071667776,17.90738452540074),(70.01996318757105,13.5562526234531),(25.424925219908634,75.53225899808143))(94.82067622214879,149.29536169655773)
polygon((187.43588815414813,103.23943276681489),(68.38307814378891,33.80619882271751),(233.2785787980441,49.995690947033))(191.23159746997197,78.83667213391584)
polygon((187.72600804531112,3.516813071270289),(120.82394104341142,6.490158643267344),(137.31766638252657,34.07789892329501))(153.6781781560477,138.85955867571633)
polygon((13.417607569993766,52.21579251036504),(118.82477723909167,60.2934536285884),(50.221696206775626,81.10539795800351))(134.4408148848646,157.80396675597518)
polygon((167.28673866784376,201.5669940910441),(129.01630040733406,249.07736508385204),(235.1854788730202,58.948261429891346))(126.34081694605823,106.22539920911169)
polygon((179.87050894854556,154.77948769314563),(85.05241960543097,235.11198923983986),(165.1011269273191,58.50369058126212))(153.7669686168075,71.07821169880974)
polygon((138.7428809241825,82.50665782991231),(74.20811954731263,208.8283685440941),(98.80213096400895,44.31425829891929))(115.72436754852706,180.38067242304322)
polygon((137.5899737838218,206.0106341573941),(45.75743435750614,31.964095926067678),(126.60149935465526,237.86635297922388))(173.83162069579822,92.01874172755778)
polygon((110.41978872688149,156.10126207925768),(28.470193182096796,163.83910371480127),(6.251534959214147,95.30965474631286))(169.35986687012667,158.78327282439494)
polygon((215.17637655610568,179.74607654297893),(231.89414634263397,134.11081665679123),(241.923940203341,2.068856231764384))(122.37556729342062,94.54841115589046)
polygon((81.01356136261154,60.519277593326635),(75.03123652958031,32.22545158366942),(124.36900391444362,170.34431186520217))(186.1588780047622,185.24703752801304)
polygon((205.33779063734943,132.5157852339734),(252.81520418455773,17.7722917594971),(207.20106741564277,219.18426126318246))(68.58877333407656,146.1750262752886)
polygon((179.17864855050138,130.10403630984626),(13.536703577668503,130.55891444066282),(210.76373948022496,20.386930458342203))(162.23205071914595,171.29277466292643)
polygon((52.41371415059099,118.88292643430083),(27.15186308736339,29.348939689232708),(62.735394352395204,6.613248780051802))(81.70656756866643,121.41845516263453)
polygon((76.98712819151568,210.65351778872872),(80.29329860246727,227.09568140685948),(184.85297560276223,124.0044366290949))(180.69664357637154,152.44302650592027)
polygon((241.92606387937883,87.70448320855253),(110.26784466584813,188.69581714174092),(4.832696698139507,161.519577611614))(143.53485313225747,133.05163012116768)
polygon((138.7425126257444,115.1845286499449),(116.17869758351549,81.71812022485601),(22.45132516635672,7.660076617791994))(111.3582325635262,155.5679386511438)
polygon((133.9993638442607,161.55750513191367),(108.38464046835313,21.84191332672171),(192.11883118399106,67.43618723253799))(187.06325574125668,178.71765638166443)
polygon((50.116078247072146,238.73801380071612),(10.055579449352763,15.385218003778435),(61.90945925744351,89.1092980635099))(71.26675696731299,153.73265834199267)
polygon((97.93676113863091,158.91648095815853),(5.466947543351305,85.21813292560923),(38.850674930185235,193.93886421455127))(98.20306436231397,127.28090401699207)
polygon((70.82538992639098,235.7275691766345),(114.20896314896083,105.90910016077183),(192.7939647381853,249.67038642014646))(158.22876416253567,85.57085124004921)
polygon((55.675273065363385,45.925823687944586),(219.09470464405968,72.67867888809207),(14.060768022648197,86.31951370145293))(71.0314298015899,177.09122959106867)
polygon((115.24303913343888,29.689966189568093),(221.8264419486832,145.4759673055792),(131.2044119317631,200.4285075626316))(160.2665257459388,173.73941347637907)
polygon((236.46073111350944,33.87534745499791),(48.38470894860717,129.91643466939425),(254.31832429989805,184.96352940612803))(124.91045058044548,149.64847201259323)
polygon((74.22317161101681,203.68247056280165),(38.110806856903494,200.86865116811185),(84.47742183725693,83.96853909281451))(195.71225745655383,147.5885538877523)
polygon((5.709689546457522,239.76522805833108),(211.99463726898756,247.79038275082178),(208.11235153973328,75.0795076597878))(134.16545418367096,113.26487036134637)
polygon((143.1737219602366,237.20440546755927),(76.36289323318654,19.210379696539622),(43.534954327138394,64.56492232720107))(154.28938071481969,76.80197589251429)
polygon((154.64113071581727,132.329560650138),(253.27246773579913,40.500207565774424),(43.45381371874146,206.6508239528003))(114.32429745673392,70.59688795979548)
polygon((69.67885594088135,180.93519072834172),(8.862177006678955,21.58321266312749),(189.6974778119715,128.7391433270755))(100.71390100442393,75.02722190810225)
polygon((130.53502768513127,244.59117125290467),(218.01915155475123,26.277321044177324),(221.0549796405867,236.33565772074155))(126.57904181762964,115.44850479080986)
polygon((36.29248856066679,132.86227137450555),(27.104864723959224,149.41837601640472),(248.70857758728786,180.8890678547864))(101.5265268320967,130.06351062289994)
polygon((150.64747450342085,237.7331285890306),(142.837453754246,42.06045582002918),(101.48442519899432,242.9783365249885))(75.32243820369882,105.22536481788325)
polygon((83.0509726102833,37.17517701330468),(227.29757595658708,179.21284221707563),(134.71212183094252,192.45358039737866))(155.22137228135108,189.57081418738042)
polygon((60.02257359736005,239.7212747623335),(141.2568895618858,105.45257700878182),(84.61284648094876,195.1105005175189))(70.3454488463183,160.96381487672937)
polygon((161.0744532235925,13.119409100606795),(123.72048145546019,66.7249672892878),(231.2433176425368,126.88301503921181))(83.00365544610217,79.45053419396075)
polygon((237.61057731730813,188.68709552997373),(40.65532706605934,189.5599500594203),(62.914587004247345,46.199922528730944))(121.35520103262556,90.47731362372915)
polygon((11.715894294769141,8.193973340605728),(42.64785429871489,48.74979139146186),(34.043111141732396,9.07570935963016))(108.11322128414395,146.64091400015343)
polygon((78.30452732466176,200.84802711601344),(251.99066166214072,33.30397293332826),(105.8228040342128,113.48915500075283))(69.54137449538297,168.70441456479932)
polygon((11.842194343364062,171.45139585507917),(21.03640416294566,159.7827291538842),(122.81840916788256,51.2703969258253))(122.91795635754723,115.73064679591411)
polygon((142.51246647606382,27.470452936937832),(2.463144766811241,236.69696771122622),(170.80589922562518,228.95553713632972))(99.93207197583897,137.30641650978734)
polygon((1.3942681041821883,20.628140023194103),(241.99699526283118,43.04577947572049),(11.746046041965785,92.67943740780164))(103.06915563795991,111.03488783958807)
polygon((42.388496742883326,27.62333863698252),(207.30129767990667,237.95978060593657),(181.23375846178791,121.03261315002749))(109.4546222836037,121.52479835628162)
polygon((226.9293980819726,49.453767876761894),(85.43629478224831,49.32861845497681),(232.38945172831146,148.7403300206423))(154.0827729491424,116.6126047787838)
polygon((185.92353997399232,223.65832873164393),(163.35116325302786,220.70175706232138),(205.18584147599992,140.6074820229706))(115.31433844150348,103.67852250174309)
polygon((60.08118664495939,125.76531533988476),(135.85412405374157,158.9470918405486),(207.56162390479366,136.26301934113096))(71.8435579607125,166.22989913649712)
polygon((142.60447371983722,76.04463312336988),(146.73756585661397,122.85147164714463),(114.78836300117463,232.7386613283933))(172.4593435913198,134.04561982490603)
polygon((78.06056452672377,111.07278399339764),(165.81188518999105,72.3606782509567),(144.997829950937,42.044793448197076))(116.96678155668042,188.99790636438735)
polygon((182.92267541180522,8.337076383477264),(88.22063631024756,207.580184835708),(158.55580442625063,157.6178179364153))(106.03900017891856,120.08885519179435)
polygon((184.79497832026135,3.7156764512278713),(125.94340147542283,81.45442281780944),(24.054482783850087,192.37938357872184))(136.37222970917475,113.93952419395555)
polygon((13.99475165722456,196.3664768747628),(69.17486127741887,95.11176004550154),(205.4563241728736,108.97996199491149))(154.91765249662427,96.17147162748097)
polygon((38.016327820277326,92.64380877497473),(245.61210988580777,19.04625794378796),(177.15334622186012,23.49615063436526))(161.5272904057886,79.05664636870907)
polygon((129.215828614209,255.97100542902157),(177.65467513104286,68.6742881554357),(9.534470462931148,81.11483670736443))(99.92792455407374,110.03080727640494)
polygon((85.6611637978759,244.32311310680274),(127.9374278018713,37.47916760192937),(108.17920826383035,255.51279680082382))(70.32384098468881,163.13936468114582)
polygon((124.354994747635,173.49825190605227),(220.2713978108236,8.300185888121318),(12.99187950780881,67.18102029506024))(164.31631593172094,177.79888974562292)
polygon((215.72767996223865,88.81315738398773),(163.7217768509267,224.70634777909663),(151.2325657819885,193.6976732218662))(158.63030142695385,117.24365154447423)
polygon((85.12942082571234,244.76187593014197),(128.7659926271826,36.18604298415892),(53.79648571310128,206.07174736421302))(129.02164442026873,153.11518592862265)
polygon((241.98924877119018,197.3626868266511),(20.898106472679054,60.34793618179648),(167.07406018565078,26.27841608935596))(179.93064766292486,169.60975078493058)
polygon((19.229891003592247,253.20780271283968),(210.49282379867398,42.81137898046859),(173.16817459923007,156.14541385127313))(141.02276633316535,85.01167545711024)
polygon((46.99251645289757,161.84662075364326),(245.41328132440563,226.4741602118427),(142.54881575355662,84.00018367923191))(183.3735997832893,177.97517192173225)
polygon((176.15040638224446,145.30225765696935),(102.03645023122753,126.0001677440299),(224.10260370810036,29.216215721973384))(182.9906052585078,172.3965111944288)
polygon((248.98733308853045,143.71560734417898),(96.885472518171,58.23617030440296),(19.71067474004065,251.40887710365496))(107.00004240193249,85.1425435617154)
polygon((232.39814684476724,3.71408451971396),(125.0174133737341,195.9616386526107),(28.625790299028175,154.5665586649548))(160.5787795056712,69.54027028934293)
polygon((142.83887770890945,62.84504611447441),(138.92303638979826,229.15596004451487),(248.93305095994293,80.61117303052079))(106.79898188649312,132.26632155990893)
polygon((54.07265674432368,121.11184516394282),(197.93520136394213,191.62450386438587),(1.0182169772596474,149.58901755067805))(129.15654008026507,171.84931177353843)
polygon((97.4746644258883,235.9227091334513),(238.96744973669865,174.7119042392418),(164.9536318955906,36.81900965327654))(138.07853949286456,73.09116984562068)
polygon((196.08456657596227,47.17295570919711),(4.933594460213437,44.10591639036741),(68.3043049911402,143.42013538180572))(104.18762578853267,172.5680005133579)
polygon((94.59373716979047,145.93914628444907),(236.12650871151305,155.07639346646292),(70.59739937491541,139.01818239518016))(74.36207248217097,156.61524172883068)
polygon((191.54099908567932,189.1407977116351),(254.06703290520986,227.66354695917323),(71.3623888998273,44.52289454756923))(80.92973517643809,152.5964656808955)
polygon((89.39569798752122,2.3189952276571653),(157.6827009742382,131.7337833754984),(36.8979065653504,178.0809432915678))(146.94749881507653,120.79216924100552)
polygon((219.07178983658363,110.55142485356392),(189.60909183145392,16.455224362531784),(6.118538902284545,106.62694432084481))(95.7825091730224,192.66818065401367)
polygon((89.53082276235598,157.81959901271568),(85.00069658178373,208.8200222227854),(122.89895073017567,57.43740112345568))(143.59602401887184,142.5383145022417)
polygon((159.92464498339785,99.34832328497534),(172.44959462571535,200.93837898714494),(197.52945510117314,165.87551519670046))(132.9255376576507,136.88559636308565)
polygon((250.02012795074725,170.83633088994299),(16.928298651296927,101.00922904234979),(41.15493314045188,44.95377533261957))(98.49403015796219,163.29956157531026)
polygon((122.09250637481702,48.88728835762466),(137.94670308432873,9.621596886557835),(19.22546560510005,29.408147794269667))(143.0254735782311,100.12933026852949)
polygon((54.78903280353423,217.39024442796557),(137.34050843715048,201.18437518925774),(58.053845875542194,125.00914705351222))(134.43113003151555,104.92389163002946)
polygon((105.96832216158593,70.69675352140473),(80.1170459235516,59.109545840248316),(223.2009162230227,102.49992357849293))(93.49223336980076,161.5858052145341)
polygon((93.40229333858248,25.282853031436304),(70.42596233325696,34.00746938490548),(90.4391792477843,210.9906292861805))(71.87723733005585,172.75025880091667)
polygon((40.30329291192101,233.4103140172045),(113.63346525989948,11.028994759783556),(11.622638074592846,27.35038993156331))(168.18571827653273,82.86656555530126)
polygon((112.8952507854416,207.16740974209804),(191.03070292054923,189.6176192685639),(88.25204230289191,11.921057776294424))(195.9939893093921,87.74163573479802)
polygon((189.1171605731287,81.28270322687732),(52.88341051249742,157.24107108255265),(82.77486516062987,47.18623118221423))(96.24051912294598,102.64119758551541)
polygon((143.92047845202202,231.55565902772057),(232.0318396195537,102.45099307715151),(198.1009541344944,57.989272306184475))(126.40338596057472,105.92880227175007)
polygon((208.16398090818328,3.367665453329976),(163.1668635309854,142.9700003634824),(130.93045269183912,50.78285960998611))(116.12676626411863,80.06897943772194)
polygon((250.80570870258697,117.5018636242712),(39.77345930088043,232.57696632990144),(209.7196767545505,91.75974596259687))(151.74813664374858,65.07232290993079)
polygon((20.76344580104516,70.55339871767825),(244.84124549152077,117.80440091273746),(18.201357147953413,51.49552950992623))(169.97424761135318,139.59267576724932)
polygon((50.303374672015636,16.55652847920249),(49.98980226270654,183.75032069814546),(247.6402558437676,32.91195404813966))(99.52778397870918,124.27610183898209)
polygon((6.049738505762856,173.5148888188824),(116.51813153630071,78.75733117412791),(83.63097467990104,15.124151929886487))(99.92332285977426,152.6352936381416)
polygon((178.28433223411005,82.67605369381062),(172.32802399387037,7.050412655951004),(196.6799447449188,247.4839231939592))(88.52020821059821,169.8345732740957)
polygon((119.69013356871129,161.49925674433297),(230.45929487183898,139.4954157763901),(151.6555506096175,60.32364305586453))(74.12370469051092,79.81463427217042)
polygon((51.65414523351554,57.797083298870106),(90.95180896459892,154.5323231873785),(66.52830526964779,194.7086793472335))(193.40391456049795,103.47910044041706)
polygon((71.16299764042043,243.43593316792783),(157.5126013362287,255.89866998369084),(196.82762275520562,234.10848810194238))(143.75289384548336,111.19275156326448)
polygon((147.74348348882393,102.35113551797465),(220.62120735680267,233.02536962716076),(136.9375872883362,160.61318406750786))(129.57975984306356,118.64762371733259)
polygon((67.99797660942784,240.06378198972595),(232.89665111195643,165.9569275094556),(118.91579560969811,111.63578042595569))(157.2104175789707,87.50018917316333)
polygon((129.87937089210308,80.74495472659831),(34.47613327223114,117.96103940035444),(87.8508446312597,126.7060362583679))(73.05691925722826,84.95935239512058)
polygon((107.85132422070748,15.021049152368823),(75.53734535937588,39.963717189894375),(114.7802150077653,234.4949085202611))(120.15479308963567,93.99452107905006)
polygon((80.47560969312414,33.33233119149267),(202.87781065736266,109.43178786683028),(104.68665585436668,101.05974490573276))(147.45927876325408,165.13794113061604)
polygon((65.90616291442566,62.52187256594744),(32.241638762679734,118.82460370614567),(142.2055910537985,211.08678829275593))(141.00411873851488,182.7528064787014)
polygon((236.48688478590097,136.43490479003503),(45.22588426598015,76.84376594752499),(182.51804416479604,202.61010814656188))(140.44644405768042,95.34123807804093)
polygon((249.3424418651273,4.518276471437171),(2.230254779884321,209.70167354683434),(70.11647993799401,218.2437503542786))(79.38687499869894,188.53269450184368)
polygon((159.71081480793134,88.1687377858711),(133.0618938493744,186.2018217814415),(241.21243408242162,143.0489653241288))(132.46650236389956,115.16084438311196)
polygon((73.3275972144412,166.01237097342639),(151.09138760369717,207.08304242350192),(227.06117993811804,241.36198955162294))(178.2621774644412,195.6879659428264)
polygon((101.90449936516293,157.15797330736945),(64.74948658289173,205.17951175726856),(70.81920346921439,162.7341805890536))(151.2192229190533,117.51753267721477)
polygon((122.38340249085049,65.27189210394985),(221.0142220509768,250.66695309637606),(95.205367883663,237.23062999660385))(160.61026126463435,179.70112380519936)
polygon((129.7051964266635,204.7055240465909),(79.51156926761767,117.73246083471092),(153.02354745270395,24.215428180489713))(186.2444857627802,126.20939900127357)
polygon((193.43894989105388,243.05366902477567),(98.13756245555486,13.112532303318899),(22.25417723714279,221.68401571209955))(99.61409514554353,109.80086067911967)
polygon((132.81848738062024,121.8721731575079),(6.164525296373019,158.34198552106648),(133.41208891605032,62.24868239683347))(171.7177425880562,153.68328043820276)
polygon((60.07439651412959,91.32060731946541),(84.17946742724651,27.616880860940103),(131.91084595699493,140.1963034897219))(192.7847439227911,82.0685421199965)
polygon((224.0165297188714,3.060021968583569),(136.0124901552514,148.80658594678496),(150.05737851801527,239.81390080553896))(97.66305567335321,125.80214408071109)
polygon((106.8687326567774,38.74213005568541),(145.95362924504172,237.0165967062703),(177.57926449928664,35.743486739210354))(96.35712563797242,118.66198501445547)
polygon((161.78225368469873,160.5837629100113),(12.462397164379087,15.866076755836291),(138.03858102861577,211.6187362698097))(132.95077785017997,80.23438413842254)
polygon((251.77544965149912,11.64466121120124),(2.4768556589301705,11.113594126154794),(84.01526666809087,247.05963114075232))(190.1514892682854,107.01195290502167)
polygon((160.9045978337995,196.10900283579835),(65.85595698370261,171.7196884368769),(162.49015480658912,80.07654282700537))(100.87216317074333,195.449926364902)
polygon((80.62163668889767,210.28711161424425),(29.513565663627173,222.51165849530062),(44.74340982736845,141.32230897459817))(186.56287768735518,138.58522387346403)
polygon((213.03702692506832,125.50673763949868),(255.69135509995982,87.66773056691261),(184.57173539629994,224.81114519412512))(154.50384642820066,70.66246713298594)
polygon((139.9708120886936,140.3195852312048),(19.933483936530394,129.15041996011868),(126.14344361260365,80.95036559679865))(96.26197226693078,120.29150601686524)
polygon((12.740131349453817,20.091707023286407),(240.2126567111087,190.36334069964113),(223.90274417874818,183.935505049819))(157.93722392325205,190.15862587618292)
polygon((192.83998185278836,204.99787168723847),(135.29966538705054,46.996158393882986),(15.368510436164888,97.58315495572307))(98.95084143550775,173.40451161138486)
polygon((126.97220976045566,84.24699556992336),(14.535062176005798,178.85455323314866),(39.25223510971667,68.24735406282659))(169.83368191649157,66.94411513930548)
polygon((150.4780091584357,185.03107355226422),(202.63875846445436,98.38696154668975),(124.57529461291416,76.75120509969513))(192.9565878332869,103.89531245344358)
polygon((91.70595088091974,123.71960216174682),(86.55020994051083,221.55154988341764),(48.72716220714493,16.64731397865958))(81.4949922501341,124.92823274862255)
polygon((179.64097535859415,236.93926608943931),(83.64149606387582,170.46410471318205),(235.37373779824313,32.056338109965665))(90.08178935642741,75.27325422178873)
polygon((234.12822636567626,249.08777449056706),(18.25932706642804,137.25177373473247),(90.75634875122834,64.46028849850823))(143.30121398961617,148.37546199094965)
polygon((228.859440663499,243.62355692045915),(133.35713455878255,197.55631746575438),(43.33124123307581,83.26055815363001))(133.6125174628849,118.53851748557133)
polygon((126.99474600771059,252.56120334887277),(116.50877700202099,233.50595671381896),(196.84019060914434,235.0999350120589))(155.2631539714049,176.8625122871581)
polygon((8.816118938837217,34.78140348430266),(154.51183550113805,169.36248171005528),(212.80331121957053,20.470385037978875))(73.52549534233864,92.42119893194908)
polygon((16.074884062616555,237.98229537199316),(96.17788748279587,93.91551843303625),(2.621835232735779,167.12382395841334))(145.5243765570174,151.19799019225286)
polygon((205.3314552994697,85.9763553320894),(6.464259444708005,33.65827412531367),(2.1407141885256418,20.394762875901833))(87.92931337737502,85.32263552519926)
polygon((25.647172678106514,233.84748532083074),(167.9829957693828,160.8839249364822),(117.85299005527807,36.47194591495863))(128.71788907637625,138.21469802228142)
polygon((15.017027880423575,38.349391024564376),(142.27512326544854,95.47409275596898),(134.67812088458192,114.7550869648704))(150.09319768658767,91.68971070311721)
polygon((105.31313026458835,197.84865528400067),(231.4442490265815,139.84110244766643),(51.62364388165861,52.16767882673444))(154.29029950741875,104.74741327167388)
polygon((176.16072254609028,186.20807446306114),(61.370715953090496,210.34115322097028),(177.31708033900117,3.436158319136089))(69.28596322336308,99.94022577717695)
polygon((207.55370868824627,227.07100264482483),(17.926651775031008,254.6058867437133),(222.5730638102854,83.94947533474287))(112.44104402336943,148.83209696236918)
polygon((252.28780533154148,103.05140564257563),(241.5486802705307,5.356087897962963),(112.04451887505462,75.92492291165246))(156.3789263917535,174.2363135442851)
polygon((31.05223594673602,186.83272359535934),(76.12194382096942,155.5541694766045),(207.9059751206917,70.95696246291777))(153.78488439347467,106.52958355609228)
polygon((142.24544809580206,194.53492638248133),(167.10503464802136,227.0220570084817),(28.555137229282124,95.79108810742166))(79.03451088237583,123.17643532195481)
polygon((18.728276491857017,192.06439390529994),(142.39167774859325,35.29844677080155),(75.22552530805085,132.33174122343263))(142.08399386885873,179.2912099293855)
polygon((15.634828139046395,136.80333617968398),(116.10686123854063,210.06873419531513),(235.919165785049,140.89945744714657))(193.4086873998202,144.52543795301466)
polygon((191.662489828406,184.38544752409618),(99.46747144043333,108.54847379938985),(67.71805663969921,64.12017060234965))(95.70370099109216,120.21517725738542)
polygon((68.30139791404088,138.25462686525697),(95.2495577480867,76.48102514418201),(187.82592760403486,231.9752636779442))(94.56239054254421,177.3560552498564)
polygon((46.5193712520334,27.382737839523923),(98.40378126317113,241.36454317326474),(26.852272372848674,210.02581941895613))(107.6245226487454,133.51647466461537)
polygon((221.5555895835228,106.40306152598677),(121.82345135543943,154.45339234606533),(23.908753846730374,175.29912787837569))(178.41231422511146,127.52040414863262)
polygon((9.597159495561465,47.960820097373094),(74.77643180663739,154.21512685167943),(149.05333195107,238.42660522017104))(92.14116624384681,160.79591438481023)
polygon((57.246999920276444,231.66685027996337),(219.0808762835239,78.48625248746443),(83.33988351004422,206.97720234869902))(82.15119431873251,110.7174962075309)
polygon((149.85548944877846,35.1035587841537),(32.90255283788606,24.067602778751986),(88.95790491494814,40.91926355255639))(177.32001888127144,78.82301571325746)
polygon((107.97495729433408,64.84497468971662),(131.61742249560444,22.524364855231074),(146.12189666041039,53.276585475915425))(175.6234734936079,121.17849578089402)
polygon((102.70506022790643,7.401830450714955),(102.5514961361263,119.5739919338342),(222.89929088472707,190.57609882471866))(144.85103966363621,131.4483588702723)
polygon((84.7949490672911,207.7172735016074),(158.78513855504227,157.18141556115228),(251.45754639789672,71.0682458346637))(177.9022937840351,75.80871162272477)
polygon((191.14593485254701,39.69920573527428),(218.0497835726313,230.65221371611096),(190.78632032884266,234.33896002081846))(177.18136798314862,140.58137369663228)
polygon((177.77497522093344,94.46201213602622),(163.68904742576206,221.5263806803678),(115.75919615048782,11.039829630325904))(169.434553318098,85.27275903869952)
polygon((166.32015369309852,53.83240956072802),(38.93141125657006,224.9313459896386),(179.06399133671846,113.9996378731787))(172.25186023668857,151.02724953928657)
polygon((112.11585246216993,163.41231110208497),(27.364905600989864,20.231528628414814),(26.98763312171355,46.652894070900764))(76.16912861786162,174.43632746815967)
polygon((142.9327549686098,130.4557242550329),(96.82184273632339,210.04412735151465),(12.202582225793929,242.4177894387395))(128.2736280917424,157.89592502730358)
polygon((137.29787763209706,250.76179501185408),(212.96293326706632,216.30309992569934),(56.5737475337507,146.19395547091872))(162.88379079631972,150.5068249700737)
polygon((99.42146832897343,13.193622688350057),(41.73758883962598,140.4481691089422),(195.544935005066,215.59725690863624))(75.46298694376098,110.29035282257644)
polygon((114.1899768514746,100.74552934244758),(227.36195971640484,137.2765112432862),(227.7304418672122,107.67403521974866))(72.5673994982702,141.0721197184194)
polygon((42.982664867038686,40.69242769936902),(103.14709606894267,169.6612640767299),(85.521111792824,54.059918473400025))(184.79812088931172,71.6141396552455)
polygon((1.1680752038105937,249.23373032912943),(251.839478079841,222.5699056792188),(47.25009235410332,65.30153575660127))(158.82293664581954,123.49087131958984)
polygon((216.43976553236055,21.48786638282705),(166.57452699918176,86.0624623266251),(170.8421944347689,107.2954611321351))(75.51922678040631,75.17100662871358)
polygon((27.64922485082913,222.13548164888832),(96.94124844812521,112.8137637490065),(73.33958717878019,77.49063432688163))(123.08399579227932,194.01442545617178)
polygon((173.28836801673552,225.80416321799376),(241.89460828224318,29.862664579455096),(219.38638969995023,80.50660725234403))(112.0515164405643,167.51970301982615)
polygon((177.11306387765455,102.59549787607588),(174.73139113481372,194.8077884421548),(52.45941344059045,54.05853138453778))(166.81778565424236,180.76787830075685)
polygon((101.06913154343137,81.24009769626814),(37.50359230327754,226.4510937560958),(141.7025869085428,190.84974786157235))(193.02031673065804,93.69835658493649)
polygon((45.21123027584974,194.54125494161752),(234.85096433419318,153.45127405799914),(183.51885704525247,248.12371408067537))(154.34265836064168,172.48432157120396)
polygon((38.41860031438556,226.1614259726062),(108.70005446726671,221.81737965514412),(186.08090144438637,49.835008216845324))(165.16526895892355,177.59520986644645)
polygon((24.42340483790357,225.8624660893572),(95.86657846547865,174.04157923299482),(185.37694618216958,44.17734947252401))(117.45053179720534,81.56283179202597)
polygon((76.57131033748645,58.62537864719422),(228.09085561554997,234.246142115428),(44.0835086124462,72.65031437277591))(165.94013729695268,71.58364898795297)
polygon((132.47903186055936,216.22856515594603),(228.2008882942679,200.51372102924415),(183.66325266422817,95.73726831220219))(124.03554834399208,162.33749188907143)
polygon((6.718450423311468,36.69276661517231),(4.164583209389173,228.62018423397205),(69.15493594546382,209.74921843848966))(108.39078146602102,177.23305491325485)
polygon((25.525736545444808,98.1412783126462),(165.70331502126226,13.979693926029947),(242.2988687803178,212.6287156142528))(86.71305663310162,69.62451235922778)
polygon((57.91263860700463,84.16719330955678),(194.79406250288804,219.03836784330517),(172.57474424300983,182.47922174700662))(156.8422222247114,122.8397131320286)
polygon((20.757355808436834,248.292787125603),(226.5762796718783,127.00888667227944),(87.92992950174518,121.47178935840066))(100.62851841288918,77.51315022440527)
polygon((75.51114332268212,241.87052253007295),(157.018985144606,57.41381189361026),(235.41736663359043,231.7484742974076))(157.04158303898544,114.84621146339464)
polygon((60.95304334423382,125.35356114943745),(162.13004481889226,173.63917586482557),(239.14045805576154,190.8854219411268))(91.88781213612091,148.64512965904458)
polygon((138.1693841626012,180.51332466916386),(109.15083620616397,36.292088441411515),(60.0573600083217,38.00785251896177))(142.6145744169559,97.56725431464773)
polygon((149.27025703009764,92.69053757708092),(69.01206480615735,33.223179588609355),(36.72941213674802,143.9931870532241))(67.83932854876575,165.80416494424273)
polygon((245.378180950752,10.9103813937396),(93.78657454964866,246.04831227283424),(247.9808349843339,91.93109003512593))(102.17419858961566,121.53455479339097)
polygon((235.87494550474642,94.07994257785037),(201.48690445176427,49.13709798436061),(20.094409693657227,150.64055295553177))(139.20006135395664,183.9388867947133)
polygon((168.6999065465769,253.1175445740031),(228.6158764154874,209.8095239199482),(40.36479427314009,237.98700366151016))(145.371183701274,86.5413574425162)
polygon((245.70195601822792,215.1581876969404),(1.5553946500542866,170.81640922870673),(110.09096507627012,159.09039163933963))(90.25100271499798,71.07786221563394)
polygon((248.62957645334447,146.94808781615865),(74.38286236247599,251.89100316097196),(151.18436389801087,27.63136957947725))(153.62528045911887,79.78905831518888)
polygon((133.19675183191532,121.68828073077647),(33.979492808810654,21.45359331588921),(8.41409109133923,107.96976210497569))(125.20796666274393,70.8638950951004)
polygon((103.61137311042127,163.94102444540678),(183.0918772422164,60.224175450433215),(206.26420553295316,46.155325679674156))(79.67989336504726,158.85378273230862)
polygon((206.55989793329164,41.915630511717694),(4.563002626516276,106.91703938458211),(167.77045520858766,114.41910500695485))(192.37483729427612,167.48249401310017)
polygon((70.70461036645008,68.35157030973353),(44.52422074168336,118.61669584312271),(188.13216604533557,146.18466974091945))(140.1532515385038,84.2824505023716)
polygon((206.64987728686657,237.1858098874088),(76.8276709233774,152.21923569609712),(26.516573223273245,227.07896672715805))(107.59982987377342,109.96020026609456)
polygon((6.247548448093372,162.22099329009708),(117.54554359783317,47.946530390774626),(236.52008849886724,22.451379534020706))(131.56336450610806,133.92149148099543)
polygon((160.73500808357917,136.15666201404954),(181.5192787795066,78.79584685793567),(136.11050087667073,23.942550354553227))(125.3642673949896,153.68041780169966)
polygon((156.63672712896064,72.60496784805132),(83.81063082510893,102.50216875139361),(204.40413363114178,96.7200374837908))(144.03546639808678,75.66469698681144)
polygon((70.22924072079732,119.94985203902735),(65.39747767753968,34.016500099744555),(154.63139944986045,95.48607572392885))(108.34472015414745,74.43633579987656)
polygon((169.94524962511161,175.3679664991747),(136.67682055644661,88.34429323655215),(140.68281007330896,205.7609562945217))(124.8817252816256,173.00726933466404)
polygon((88.06188840604543,200.62545167290324),(180.59027350889642,76.82746599536453),(210.05562105412764,218.47039942548355))(127.63125809160036,180.4990353987546)
polygon((26.692517081843125,91.68784261656677),(15.76142102490182,15.798554146092982),(202.98564111440808,88.71750433802765))(193.27501410913908,172.7599587962115)
polygon((47.03777714961198,40.97367174806836),(216.58546710410533,100.18105727672531),(191.03573819149122,44.38035997441014))(81.24814503076814,115.16890086666126)
polygon((64.24919067536743,124.11194336785249),(96.80460384207346,230.72734657727486),(26.195678066618267,193.64669611009703))(89.0196116103086,155.4875206202553)
polygon((106.92327418967686,42.573439054451114),(149.50271057253713,245.40808623225433),(158.28462262287783,58.29609078165204))(151.16829890972156,164.05842506709178)
polygon((40.14100446713822,188.2976676181497),(70.08856444356174,4.020747273197109),(238.62452453453747,42.92981255399713))(131.7287495872763,87.38691970720035)
polygon((226.40498556525836,80.63103411974528),(103.07432596044642,21.111366005485507),(152.0707273943538,35.658348579960666))(108.41936265730476,188.68038161084186)
polygon((144.46176480384395,56.273632064889924),(228.4288452032591,153.8396767977439),(230.66341448152608,252.29579231112936))(181.29177133756437,159.60945281021532)
polygon((10.585073611082759,175.9516709933933),(49.130374646746354,157.86623891490612),(150.2322506933925,230.2486492154048))(68.50765934848502,141.68407634400774)
polygon((18.912581052412285,55.42292160187536),(233.8231538584551,193.69018267955443),(48.1585074098686,93.182803174167))(112.69918677396248,132.8592561349474)
polygon((237.13200658654247,76.61440365784749),(84.35527216437764,247.35529529443104),(226.8659967026563,208.58259868328062))(79.60077264844008,172.395217744072)
polygon((47.658763159905085,107.49762312307986),(207.80401765867714,150.1781768389314),(111.93990780751597,180.88558463591684))(155.34525351942835,89.45757727917523)
polygon((129.98051926149972,211.4843317720917),(22.079064323049582,5.922730417257373),(90.8263892947538,2.1732792469927182))(99.69026062904241,130.79711208373675)
polygon((40.965118337883595,117.95399097379469),(209.53361263828836,255.5166232940892),(22.64862736451853,21.483461750790106))(76.16822196781183,97.37673853538098)
polygon((245.23869448032005,13.873766416059302),(71.58856922781622,158.77296694893613),(136.92378596669593,15.646251320096852))(153.37872658508218,195.551115832916)
polygon((220.85859737553716,152.53734181957523),(100.15589705106954,243.99883081859778),(142.3625450671886,192.02675543592196))(76.64202637889457,193.09183164479467)
polygon((162.76169336924573,90.3259431847949),(124.0063574942888,174.43876030758008),(121.36957362265348,238.60430139972635))(176.81388825251912,188.34932666636243)
polygon((226.51950804743572,177.243638565385),(151.2605371069214,2.949023701281299),(179.3880407855218,37.04449102850729))(90.66079862672717,172.05579614138975)
polygon((212.26392474945496,131.09144756546416),(174.38214640280825,13.05695165794571),(223.41652490381583,29.054315233345168))(146.29927255615536,87.33061471880782)
polygon((196.73660688652984,97.38668076586661),(251.82414949718222,233.67809647165424),(230.29503240174978,199.52288291697224))(100.7265012391311,84.303361400205)
polygon((229.81077582364378,222.60315806699847),(252.61882823104162,82.87292843007954),(4.53058352293508,181.71391359332932))(89.53704414233667,79.31503234104736)
polygon((35.11639974058857,161.58412807608067),(105.23778593016951,240.55208540245954),(193.61654850605385,186.90651110674568))(183.45392855516036,166.07756102811862)
polygon((2.7644483561938307,187.14181801396649),(226.58638477647938,144.04994144378045),(20.348544492342395,166.6910404380229))(120.07784266682148,158.73433294406672)
polygon((238.9299703576319,22.24915644407527),(136.90798159120496,176.1471953290702),(6.6728463020479305,60.956174981247095))(112.03310707486953,155.5983622584403)
polygon((230.97828489903654,204.6584033086963),(22.558265694762607,21.686291245787125),(210.71524441496362,78.27758052489204))(89.42192600470038,166.17923743781384)
polygon((222.93632546527863,102.99747572362385),(150.2156959647151,60.760327800961555),(124.67152109526596,203.59141812852505))(104.93470672934143,194.82184047399582)
polygon((15.322758922626113,49.312166391486244),(84.0023016892023,53.60926305233026),(159.42463179248023,21.64622023288872))(88.25603778597744,85.1965932740876)
polygon((231.36277641484082,250.88610572091997),(35.65086833842456,166.3820096362935),(211.37560844874054,81.19693424722227))(102.02625673810206,164.04253510491137)
polygon((182.88560716253383,166.17125086058707),(224.82951916884275,227.65881285890262),(188.095368829057,18.311078777537485))(144.08409273667525,131.27235886616896)
polygon((227.81903151421605,26.575266577021075),(103.07051591914622,182.85007296545018),(158.73255427464616,31.31265819507964))(185.0808848094457,88.70707497219152)
polygon((29.582202024329103,144.34686309301955),(168.17672106455666,180.07194462314985),(35.57272161980589,140.39909364481954))(94.05451131195917,150.89661189870344)
polygon((154.71704411818453,37.64559531310673),(146.44438224824043,185.6433382739583),(151.75931077695094,155.2143027270086))(107.6230514703787,154.39977678486352)
polygon((122.76866336716022,139.91079786389838),(181.90426783317432,117.22337995139098),(126.44073490000059,148.04000047903332))(90.2778281351807,113.64533186464047)
polygon((113.03551532798485,99.12961509908786),(101.27763123741984,42.700104443733316),(2.7458729932902965,223.75778778401119))(125.00758508155718,102.7431489421011)
polygon((47.06233466737095,47.64913387366553),(70.01455294738844,244.99074635832412),(93.95608328622302,21.2827833021201))(107.2491855362957,79.58577428763434)
polygon((143.60141737466105,192.97398962918692),(29.72999680283971,98.93583466906111),(125.978008352283,99.48199626096141))(142.1059416103269,85.27985263927809)
polygon((201.75590784445785,151.9830272460916),(131.9404047230969,206.7038002756691),(79.07140917096633,198.55026372995417))(98.23598695044151,130.7183705661323)
polygon((247.00245255412784,81.573298739805),(46.31234587876234,31.327557986961377),(99.30478828481438,2.4030185298169826))(151.2135829614799,114.80900599807941)
polygon((206.30454798566268,142.30326952825789),(140.34684831883973,108.01608422696337),(181.6869215596014,23.339483205171895))(144.7822832379274,135.0949669247699)
polygon((114.71269446744178,59.76111030680374),(17.173867526009467,65.2974836879236),(142.27202414919606,82.42491437924852))(195.5654920530051,193.69486255005324)
polygon((42.67579231165408,87.82269898724118),(144.89987834183748,34.40993956538054),(75.52796383205117,177.92035221077322))(104.58879435713318,95.94004127720873)
polygon((76.5591472508412,130.4763222746101),(195.94589065317177,18.586346368832437),(13.924556585872459,54.01398486254392))(143.23797200752938,71.06927199945154)
polygon((152.32200347786906,94.5754933301032),(32.00814202451218,138.54253807212285),(26.508056773262933,10.839103811905186))(84.3040432663083,143.38453455527878)
polygon((5.297129654874102,58.417558469703955),(224.5912330596067,255.94652364748472),(41.58781663632157,237.97758410957775))(132.2137167523747,169.6139737057025)
polygon((208.03734454903412,152.45673405260663),(35.9048995060843,139.999373983907),(39.68904173774221,123.52646334989237))(159.92555332934677,181.10455862215412)
polygon((109.25909340988854,244.21022461329258),(118.08163329662348,85.62559410029084),(52.29360126154449,115.78845673444572))(152.91722456790677,132.40452956908857)
polygon((156.87913045212542,23.35812773785798),(32.346990586270216,236.71177825515585),(50.127457586556275,86.30499672030923))(192.30688709847163,149.308174655485)
polygon((75.42842817948184,11.742825888352701),(67.92646607774239,213.80041399791156),(14.551937475154022,21.61859647025072))(70.16275965949997,113.54821712429649)
polygon((88.6847837532811,52.79874276720867),(90.41870151103079,64.10003370895006),(175.96897678412193,132.26638946615432))(143.39691034927105,90.81589686694514)
polygon((66.40986284989039,228.68139825063207),(163.97104281453406,90.72459264463424),(21.928388228171787,78.68207296328772))(152.75037771345234,136.0553937055763)
polygon((74.35836756715881,137.71081683709724),(157.4838919021947,17.13486335945968),(99.34769014813004,206.88861465057886))(138.09106421483568,91.02481279453296)
polygon((101.49460818808224,216.77389341536738),(156.6253047458772,184.245348356531),(43.07993125205737,172.8250841851166))(66.28438939600292,183.25678548085193)
polygon((182.98346982451463,93.6860552261109),(172.5852818406653,21.766447162995995),(110.0046271113563,239.71570627840526))(83.78176653330604,92.27512629512469)
polygon((156.1619528290595,189.03813961556),(14.937887504871846,20.927714691999892),(153.73971701539622,192.24413372607503))(94.22566346895434,182.36450966170943)
polygon((247.1525882986211,3.3895567527602797),(168.03127753449184,73.15563514286205),(3.507183687563119,170.1731934150461))(88.39167280365307,74.7068892780349)
polygon((240.02402540379327,176.00340753915486),(61.95079198321109,51.67747940567754),(163.2658345004821,236.64240714361642))(78.36764486082348,100.47679940176832)
polygon((33.71781122685697,231.05081384812684),(232.4072073054872,229.5022580524983),(167.0573906065712,168.15610590576037))(183.4910756922065,103.15452535970788)
polygon((141.63889726548763,188.14679151150327),(98.62300678472562,227.14515367641275),(44.40734058933659,150.18118509387082))(163.59393967519884,98.07177444601427)
polygon((185.2552463659742,240.56587003467104),(3.9723245381910934,150.54833209103288),(202.15781375214118,255.43813501358153))(117.47040233690218,69.56883307468941)
polygon((77.60016769020604,39.8261267453269),(150.42106883441053,245.2343930636185),(155.067451277435,203.8677923266664))(95.46643262905147,181.12154363192343)
polygon((48.69798935763218,155.9017984068116),(242.5452939844465,59.532197311918885),(141.9483269685965,98.55451249171817))(193.38461518421417,172.25284171768004)
polygon((80.03710189843757,41.50144997181447),(229.70658596044836,95.58767593481592),(25.69288749838764,160.79514116206659))(143.49893757458335,92.64964712494478)
polygon((18.27296842823189,199.15936335700232),(140.67322957087845,138.62599236631857),(33.89241059762627,231.38744152349415))(93.05427553966746,151.69683793238838)
polygon((234.08672469288288,144.77362516008137),(244.59481441465613,228.25154744542985),(164.84552014912146,169.94129514051932))(180.33089000280802,150.5821940339523)
polygon((143.48855984189638,101.16569685037125),(228.44625108919362,45.46869388129732),(122.45679875745788,32.015572823544005))(154.46011357492597,77.2363725680713)
polygon((217.2569390257975,90.46644815418959),(55.16353060716257,156.9711744924838),(191.16133710953395,233.91557789347152))(129.48843791355552,71.32680370063362)
polygon((243.95594478873673,153.60022130539636),(241.97822746875067,64.3855731828464),(46.774410029640116,187.8889455605846))(171.73857103200987,186.86971286317436)
polygon((91.8891137275375,64.99531184404238),(188.9300527636737,93.8290168101467),(255.7060078443482,47.896437896073465))(77.82553124923822,95.63582084566664)
polygon((195.89258228906334,185.27646767825294),(192.0854616475698,174.9183423646553),(96.26215909065249,83.71212948506823))(144.5657394658845,193.44278862293297)
polygon((237.54489298284787,185.04093461024365),(196.9495633921697,38.135914985785014),(58.394508371583036,32.54435450477036))(70.97055012405472,186.07584708004498)
polygon((58.13851131972767,229.9576005258144),(109.86156443134651,113.24958727382044),(253.18655100558507,253.58800735615623))(117.26328632241638,130.42600457526865)
